
Initial system1:
[[ 0.     1.47   1.686  1.213  2.385  0.902  1.392]
 [ 1.47   0.     2.083  0.304  1.884  1.539  1.545]
 [ 1.686  2.083  0.     1.987  1.668  1.687  0.541]
 [ 1.213  0.304  1.987  0.     1.871  1.256  1.463]
 [ 2.385  1.884  1.668  1.871  0.     1.832  1.433]
 [ 0.902  1.539  1.687  1.256  1.832  0.     1.398]
 [ 1.392  1.545  0.541  1.463  1.433  1.398  0.   ]]
Potential energy: 6447199.79411

n= 1000 
Distance matrix=
 [[ 0.     2.228  2.429  1.124  2.294  1.77   1.261]
 [ 2.228  0.     3.495  2.127  2.115  2.932  1.154]
 [ 2.429  3.495  0.     3.509  2.322  1.96   2.542]
 [ 1.124  2.127  3.509  0.     2.753  2.422  1.591]
 [ 2.294  2.115  2.322  2.753  0.     1.437  1.438]
 [ 1.77   2.932  1.96   2.422  1.437  0.     1.841]
 [ 1.261  1.154  2.542  1.591  1.438  1.841  0.   ]]
Potential: -4.29973722944
Gradient norm: 2.39900767223
Distance norm 0.000788922628012 


n= 2000 
Distance matrix=
 [[ 0.     2.088  2.372  1.117  2.049  1.665  1.128]
 [ 2.088  0.     3.42   2.029  2.013  2.747  1.139]
 [ 2.372  3.42   0.     3.463  2.239  1.921  2.509]
 [ 1.117  2.029  3.463  0.     2.572  2.348  1.509]
 [ 2.049  2.013  2.239  2.572  0.     1.204  1.302]
 [ 1.665  2.747  1.921  2.348  1.204  0.     1.674]
 [ 1.128  1.139  2.509  1.509  1.302  1.674  0.   ]]
Potential: -5.60584644234
Gradient norm: 2.67245363633
Distance norm 0.000847504773276 


n= 3000 
Distance matrix=
 [[ 0.     2.035  2.311  1.118  1.895  1.535  1.112]
 [ 2.035  0.     3.358  1.93   1.89   2.606  1.129]
 [ 2.311  3.358  0.     3.404  2.199  1.884  2.473]
 [ 1.118  1.93   3.404  0.     2.406  2.238  1.458]
 [ 1.895  1.89   2.199  2.406  0.     1.116  1.128]
 [ 1.535  2.606  1.884  2.238  1.116  0.     1.517]
 [ 1.112  1.129  2.473  1.458  1.128  1.517  0.   ]]
Potential: -6.48766853287
Gradient norm: 1.60821683251
Distance norm 0.000496764133618 


n= 4000 
Distance matrix=
 [[ 0.     2.045  2.235  1.12   1.86   1.339  1.101]
 [ 2.045  0.     3.312  1.817  1.838  2.473  1.123]
 [ 2.235  3.312  0.     3.316  2.184  1.849  2.473]
 [ 1.12   1.817  3.316  0.     2.306  2.055  1.314]
 [ 1.86   1.838  2.184  2.306  0.     1.115  1.118]
 [ 1.339  2.473  1.849  2.055  1.115  0.     1.382]
 [ 1.101  1.123  2.473  1.314  1.118  1.382  0.   ]]
Potential: -7.31651142041
Gradient norm: 2.62757949453
Distance norm 0.00075898445618 


n= 5000 
Distance matrix=
 [[ 0.     2.063  2.154  1.12   1.847  1.116  1.106]
 [ 2.063  0.     3.257  1.674  1.785  2.289  1.125]
 [ 2.154  3.257  0.     3.199  2.168  1.837  2.468]
 [ 1.12   1.674  3.199  0.     2.181  1.805  1.138]
 [ 1.847  1.785  2.168  2.181  0.     1.112  1.114]
 [ 1.116  2.289  1.837  1.805  1.112  0.     1.19 ]
 [ 1.106  1.125  2.468  1.138  1.114  1.19   0.   ]]
Potential: -8.71274787995
Gradient norm: 1.58720774229
Distance norm 0.000448290033039 


n= 6000 
Distance matrix=
 [[ 0.     2.037  2.128  1.123  1.893  1.117  1.117]
 [ 2.037  0.     3.205  1.602  1.755  2.213  1.112]
 [ 2.128  3.205  0.     3.154  2.149  1.819  2.422]
 [ 1.123  1.602  3.154  0.     2.167  1.756  1.111]
 [ 1.893  1.755  2.149  2.167  0.     1.12   1.11 ]
 [ 1.117  2.213  1.819  1.756  1.12   0.     1.123]
 [ 1.117  1.112  2.422  1.111  1.11   1.123  0.   ]]
Potential: -8.90234495071
Gradient norm: 0.526499588693
Distance norm 0.000152187113029 


n= 7000 
Distance matrix=
 [[ 0.     2.021  2.099  1.125  1.902  1.121  1.115]
 [ 2.021  0.     3.176  1.562  1.76   2.204  1.106]
 [ 2.099  3.176  0.     3.119  2.116  1.777  2.377]
 [ 1.125  1.562  3.119  0.     2.165  1.758  1.108]
 [ 1.902  1.76   2.116  2.165  0.     1.125  1.108]
 [ 1.121  2.204  1.777  1.758  1.125  0.     1.115]
 [ 1.115  1.106  2.377  1.108  1.108  1.115  0.   ]]
Potential: -8.95033357327
Gradient norm: 0.509984990417
Distance norm 0.000147999266785 


n= 8000 
Distance matrix=
 [[ 0.     2.007  2.065  1.127  1.906  1.122  1.115]
 [ 2.007  0.     3.149  1.518  1.78   2.206  1.105]
 [ 2.065  3.149  0.     3.079  2.073  1.723  2.328]
 [ 1.127  1.518  3.079  0.     2.165  1.767  1.107]
 [ 1.906  1.78   2.073  2.165  0.     1.126  1.107]
 [ 1.122  2.206  1.723  1.767  1.126  0.     1.114]
 [ 1.115  1.105  2.328  1.107  1.107  1.114  0.   ]]
Potential: -9.01599338926
Gradient norm: 0.644703522502
Distance norm 0.000180133780159 


n= 9000 
Distance matrix=
 [[ 0.     1.987  2.026  1.128  1.911  1.123  1.114]
 [ 1.987  0.     3.118  1.457  1.809  2.21   1.104]
 [ 2.026  3.118  0.     3.031  2.022  1.654  2.269]
 [ 1.128  1.457  3.031  0.     2.166  1.782  1.106]
 [ 1.911  1.809  2.022  2.166  0.     1.127  1.107]
 [ 1.123  2.21   1.654  1.782  1.127  0.     1.113]
 [ 1.114  1.104  2.269  1.106  1.107  1.113  0.   ]]
Potential: -9.12924093821
Gradient norm: 0.875042905648
Distance norm 0.000234663357464 


n= 10000 
Distance matrix=
 [[ 0.     1.952  1.978  1.131  1.917  1.124  1.113]
 [ 1.952  0.     3.077  1.36   1.851  2.213  1.103]
 [ 1.978  3.077  0.     2.97   1.957  1.561  2.193]
 [ 1.131  1.36   2.97   0.     2.166  1.804  1.105]
 [ 1.917  1.851  1.957  2.166  0.     1.128  1.105]
 [ 1.124  2.213  1.561  1.804  1.128  0.     1.113]
 [ 1.113  1.103  2.193  1.105  1.105  1.113  0.   ]]
Potential: -9.36050875976
Gradient norm: 1.30809622613
Distance norm 0.000336962084674 


n= 11000 
Distance matrix=
 [[ 0.     1.891  1.914  1.136  1.926  1.127  1.111]
 [ 1.891  0.     3.014  1.208  1.912  2.214  1.102]
 [ 1.914  3.014  0.     2.885  1.866  1.42   2.085]
 [ 1.136  1.208  2.885  0.     2.167  1.841  1.104]
 [ 1.926  1.912  1.866  2.167  0.     1.129  1.102]
 [ 1.127  2.214  1.42   1.841  1.129  0.     1.113]
 [ 1.111  1.102  2.085  1.104  1.102  1.113  0.   ]]
Potential: -9.89758121429
Gradient norm: 1.88228089675
Distance norm 0.000497015890347 


n= 12000 
Distance matrix=
 [[ 0.     1.855  1.8    1.13   1.929  1.127  1.111]
 [ 1.855  0.     2.908  1.129  1.97   2.23   1.112]
 [ 1.8    2.908  0.     2.751  1.726  1.185  1.935]
 [ 1.13   1.129  2.751  0.     2.183  1.881  1.114]
 [ 1.929  1.97   1.726  2.183  0.     1.126  1.106]
 [ 1.127  2.23   1.185  1.881  1.126  0.     1.122]
 [ 1.111  1.112  1.935  1.114  1.106  1.122  0.   ]]
Potential: -10.6481219761
Gradient norm: 1.80717561878
Distance norm 0.000553587467125 


n= 13000 
Distance matrix=
 [[ 0.     1.849  1.736  1.123  1.928  1.117  1.115]
 [ 1.849  0.     2.843  1.123  1.997  2.226  1.114]
 [ 1.736  2.843  0.     2.675  1.64   1.114  1.859]
 [ 1.123  1.123  2.675  0.     2.193  1.867  1.118]
 [ 1.928  1.997  1.64   2.193  0.     1.119  1.112]
 [ 1.117  2.226  1.114  1.867  1.119  0.     1.118]
 [ 1.115  1.114  1.859  1.118  1.112  1.118  0.   ]]
Potential: -10.8342567974
Gradient norm: 0.634372642564
Distance norm 0.000157629333394 


n= 14000 
Distance matrix=
 [[ 0.     1.844  1.695  1.122  1.922  1.115  1.117]
 [ 1.844  0.     2.795  1.122  2.011  2.227  1.115]
 [ 1.695  2.795  0.     2.626  1.571  1.112  1.805]
 [ 1.122  1.122  2.626  0.     2.195  1.847  1.12 ]
 [ 1.922  2.011  1.571  2.195  0.     1.117  1.114]
 [ 1.115  2.227  1.112  1.847  1.117  0.     1.118]
 [ 1.117  1.115  1.805  1.12   1.114  1.118  0.   ]]
Potential: -10.9339176481
Gradient norm: 0.793997293304
Distance norm 0.000193723400568 


n= 15000 
Distance matrix=
 [[ 0.     1.839  1.644  1.122  1.909  1.114  1.116]
 [ 1.839  0.     2.729  1.122  2.025  2.226  1.116]
 [ 1.644  2.729  0.     2.563  1.475  1.11   1.733]
 [ 1.122  1.122  2.563  0.     2.196  1.823  1.12 ]
 [ 1.909  2.025  1.475  2.196  0.     1.115  1.114]
 [ 1.114  2.226  1.11   1.823  1.115  0.     1.119]
 [ 1.116  1.116  1.733  1.12   1.114  1.119  0.   ]]
Potential: -11.1086726216
Gradient norm: 1.10270467689
Distance norm 0.000272886190576 


n= 16000 
Distance matrix=
 [[ 0.     1.832  1.577  1.123  1.882  1.114  1.114]
 [ 1.832  0.     2.632  1.121  2.044  2.221  1.118]
 [ 1.577  2.632  0.     2.475  1.319  1.107  1.627]
 [ 1.123  1.121  2.475  0.     2.196  1.787  1.121]
 [ 1.882  2.044  1.319  2.196  0.     1.113  1.112]
 [ 1.114  2.221  1.107  1.787  1.113  0.     1.121]
 [ 1.114  1.118  1.627  1.121  1.112  1.121  0.   ]]
Potential: -11.5049975761
Gradient norm: 1.76983835325
Distance norm 0.000438063458148 


n= 17000 
Distance matrix=
 [[ 0.     1.825  1.486  1.124  1.844  1.114  1.111]
 [ 1.825  0.     2.502  1.121  2.066  2.208  1.119]
 [ 1.486  2.502  0.     2.354  1.13   1.109  1.485]
 [ 1.124  1.121  2.354  0.     2.192  1.737  1.122]
 [ 1.844  2.066  1.13   2.192  0.     1.121  1.11 ]
 [ 1.114  2.208  1.109  1.737  1.121  0.     1.121]
 [ 1.111  1.119  1.485  1.122  1.11   1.121  0.   ]]
Potential: -12.1609277781
Gradient norm: 1.35499042037
Distance norm 0.000361269739408 


n= 18000 
Distance matrix=
 [[ 0.     1.823  1.322  1.13   1.827  1.116  1.105]
 [ 1.823  0.     2.375  1.121  2.074  2.184  1.12 ]
 [ 1.322  2.375  0.     2.197  1.117  1.106  1.348]
 [ 1.13   1.121  2.197  0.     2.174  1.679  1.122]
 [ 1.827  2.074  1.117  2.174  0.     1.131  1.106]
 [ 1.116  2.184  1.106  1.679  1.131  0.     1.118]
 [ 1.105  1.12   1.348  1.122  1.106  1.118  0.   ]]
Potential: -12.691860952
Gradient norm: 2.06895035684
Distance norm 0.000551052928639 


n= 19000 
Distance matrix=
 [[ 0.     1.827  1.13   1.125  1.813  1.122  1.105]
 [ 1.827  0.     2.206  1.122  2.086  2.145  1.12 ]
 [ 1.13   2.206  0.     1.985  1.118  1.11   1.17 ]
 [ 1.125  1.122  1.985  0.     2.143  1.595  1.121]
 [ 1.813  2.086  1.118  2.143  0.     1.132  1.106]
 [ 1.122  2.145  1.11   1.595  1.132  0.     1.119]
 [ 1.105  1.12   1.17   1.121  1.106  1.119  0.   ]]
Potential: -13.5925964174
Gradient norm: 1.38303449326
Distance norm 0.000346092338885 


n= 20000 
Distance matrix=
 [[ 0.     1.827  1.116  1.113  1.826  1.119  1.121]
 [ 1.827  0.     2.162  1.123  2.094  2.106  1.113]
 [ 1.116  2.162  0.     1.93   1.118  1.124  1.123]
 [ 1.113  1.123  1.93   0.     2.114  1.521  1.116]
 [ 1.826  2.094  1.118  2.114  0.     1.127  1.113]
 [ 1.119  2.106  1.124  1.521  1.127  0.     1.114]
 [ 1.121  1.113  1.123  1.116  1.113  1.114  0.   ]]
Potential: -13.7429435945
Gradient norm: 0.622643540027
Distance norm 0.000119337585541 


n= 21000 
Distance matrix=
 [[ 0.     1.82   1.115  1.111  1.828  1.115  1.128]
 [ 1.82   0.     2.166  1.125  2.1    2.075  1.111]
 [ 1.115  2.166  0.     1.915  1.119  1.13   1.117]
 [ 1.111  1.125  1.915  0.     2.079  1.451  1.114]
 [ 1.828  2.1    1.119  2.079  0.     1.125  1.115]
 [ 1.115  2.075  1.13   1.451  1.125  0.     1.112]
 [ 1.128  1.111  1.117  1.114  1.115  1.112  0.   ]]
Potential: -13.8345363904
Gradient norm: 0.769399182389
Distance norm 0.000139337749928 


n= 22000 
Distance matrix=
 [[ 0.     1.803  1.114  1.109  1.828  1.113  1.131]
 [ 1.803  0.     2.176  1.127  2.102  2.031  1.11 ]
 [ 1.114  2.176  0.     1.894  1.118  1.134  1.115]
 [ 1.109  1.127  1.894  0.     2.026  1.355  1.112]
 [ 1.828  2.102  1.118  2.026  0.     1.126  1.116]
 [ 1.113  2.031  1.134  1.355  1.126  0.     1.11 ]
 [ 1.131  1.11   1.115  1.112  1.116  1.11   0.   ]]
Potential: -14.0080108489
Gradient norm: 1.11805910686
Distance norm 0.000214284282887 


n= 23000 
Distance matrix=
 [[ 0.     1.777  1.113  1.108  1.828  1.112  1.135]
 [ 1.777  0.     2.186  1.131  2.097  1.961  1.109]
 [ 1.113  2.186  0.     1.854  1.116  1.139  1.114]
 [ 1.108  1.131  1.854  0.     1.944  1.212  1.111]
 [ 1.828  2.097  1.116  1.944  0.     1.127  1.117]
 [ 1.112  1.961  1.139  1.212  1.127  0.     1.109]
 [ 1.135  1.109  1.114  1.111  1.117  1.109  0.   ]]
Potential: -14.3659696771
Gradient norm: 1.43569514727
Distance norm 0.000284266620965 


n= 24000 
Distance matrix=
 [[ 0.     1.741  1.115  1.113  1.826  1.118  1.127]
 [ 1.741  0.     2.193  1.122  2.085  1.915  1.111]
 [ 1.115  2.193  0.     1.829  1.118  1.132  1.115]
 [ 1.113  1.122  1.829  0.     1.88   1.128  1.119]
 [ 1.826  2.085  1.118  1.88   0.     1.121  1.118]
 [ 1.118  1.915  1.132  1.128  1.121  0.     1.117]
 [ 1.127  1.111  1.115  1.119  1.118  1.117  0.   ]]
Potential: -14.582584656
Gradient norm: 0.554794106703
Distance norm 8.6968718597e-05 


n= 25000 
Distance matrix=
 [[ 0.     1.72   1.118  1.116  1.825  1.122  1.119]
 [ 1.72   0.     2.196  1.117  2.079  1.91   1.112]
 [ 1.118  2.196  0.     1.826  1.121  1.123  1.118]
 [ 1.116  1.117  1.826  0.     1.86   1.116  1.123]
 [ 1.825  2.079  1.121  1.86   0.     1.118  1.115]
 [ 1.122  1.91   1.123  1.116  1.118  0.     1.124]
 [ 1.119  1.112  1.118  1.123  1.115  1.124  0.   ]]
Potential: -14.6079098365
Gradient norm: 0.207005973079
Distance norm 3.08046311382e-05 


n= 26000 
Distance matrix=
 [[ 0.     1.708  1.12   1.117  1.825  1.123  1.116]
 [ 1.708  0.     2.195  1.116  2.08   1.912  1.112]
 [ 1.12   2.195  0.     1.825  1.123  1.12   1.119]
 [ 1.117  1.116  1.825  0.     1.853  1.114  1.124]
 [ 1.825  2.08   1.123  1.853  0.     1.118  1.114]
 [ 1.123  1.912  1.12   1.114  1.118  0.     1.127]
 [ 1.116  1.112  1.119  1.124  1.114  1.127  0.   ]]
Potential: -14.61320697
Gradient norm: 0.139375903646
Distance norm 1.85440648255e-05 


n= 27000 
Distance matrix=
 [[ 0.     1.697  1.121  1.118  1.824  1.123  1.115]
 [ 1.697  0.     2.192  1.116  2.085  1.915  1.112]
 [ 1.121  2.192  0.     1.825  1.123  1.119  1.119]
 [ 1.118  1.116  1.825  0.     1.85   1.113  1.125]
 [ 1.824  2.085  1.123  1.85   0.     1.117  1.113]
 [ 1.123  1.915  1.119  1.113  1.117  0.     1.128]
 [ 1.115  1.112  1.119  1.125  1.113  1.128  0.   ]]
Potential: -14.6170846937
Gradient norm: 0.14234503564
Distance norm 1.82732083308e-05 


n= 28000 
Distance matrix=
 [[ 0.     1.686  1.121  1.118  1.824  1.123  1.115]
 [ 1.686  0.     2.189  1.116  2.091  1.918  1.112]
 [ 1.121  2.189  0.     1.825  1.124  1.119  1.119]
 [ 1.118  1.116  1.825  0.     1.849  1.113  1.125]
 [ 1.824  2.091  1.124  1.849  0.     1.117  1.113]
 [ 1.123  1.918  1.119  1.113  1.117  0.     1.128]
 [ 1.115  1.112  1.119  1.125  1.113  1.128  0.   ]]
Potential: -14.621583943
Gradient norm: 0.157410499364
Distance norm 2.04108855954e-05 


n= 29000 
Distance matrix=
 [[ 0.     1.674  1.121  1.118  1.824  1.124  1.114]
 [ 1.674  0.     2.184  1.116  2.099  1.92   1.112]
 [ 1.121  2.184  0.     1.825  1.124  1.118  1.119]
 [ 1.118  1.116  1.825  0.     1.848  1.112  1.125]
 [ 1.824  2.099  1.124  1.848  0.     1.117  1.113]
 [ 1.124  1.92   1.118  1.112  1.117  0.     1.128]
 [ 1.114  1.112  1.119  1.125  1.113  1.128  0.   ]]
Potential: -14.6271876651
Gradient norm: 0.176704308579
Distance norm 2.32340328383e-05 


n= 30000 
Distance matrix=
 [[ 0.     1.66   1.122  1.118  1.824  1.124  1.114]
 [ 1.66   0.     2.179  1.115  2.107  1.923  1.112]
 [ 1.122  2.179  0.     1.825  1.124  1.118  1.119]
 [ 1.118  1.115  1.825  0.     1.848  1.112  1.125]
 [ 1.824  2.107  1.124  1.848  0.     1.117  1.112]
 [ 1.124  1.923  1.118  1.112  1.117  0.     1.129]
 [ 1.114  1.112  1.119  1.125  1.112  1.129  0.   ]]
Potential: -14.6343067271
Gradient norm: 0.199964724513
Distance norm 2.66524095987e-05 


n= 31000 
Distance matrix=
 [[ 0.     1.643  1.122  1.118  1.825  1.124  1.114]
 [ 1.643  0.     2.172  1.115  2.116  1.925  1.112]
 [ 1.122  2.172  0.     1.825  1.124  1.118  1.119]
 [ 1.118  1.115  1.825  0.     1.848  1.112  1.125]
 [ 1.825  2.116  1.124  1.848  0.     1.118  1.112]
 [ 1.124  1.925  1.118  1.112  1.118  0.     1.129]
 [ 1.114  1.112  1.119  1.125  1.112  1.129  0.   ]]
Potential: -14.6434981906
Gradient norm: 0.228248574493
Distance norm 3.08739744474e-05 


n= 32000 
Distance matrix=
 [[ 0.     1.623  1.122  1.118  1.825  1.124  1.114]
 [ 1.623  0.     2.164  1.115  2.126  1.926  1.111]
 [ 1.122  2.164  0.     1.825  1.124  1.118  1.119]
 [ 1.118  1.115  1.825  0.     1.848  1.112  1.125]
 [ 1.825  2.126  1.124  1.848  0.     1.118  1.112]
 [ 1.124  1.926  1.118  1.112  1.118  0.     1.128]
 [ 1.114  1.111  1.119  1.125  1.112  1.128  0.   ]]
Potential: -14.6555988927
Gradient norm: 0.26340567884
Distance norm 3.626093876e-05 


n= 33000 
Distance matrix=
 [[ 0.     1.599  1.122  1.118  1.825  1.125  1.113]
 [ 1.599  0.     2.154  1.115  2.137  1.928  1.111]
 [ 1.122  2.154  0.     1.825  1.124  1.118  1.119]
 [ 1.118  1.115  1.825  0.     1.848  1.112  1.126]
 [ 1.825  2.137  1.124  1.848  0.     1.118  1.112]
 [ 1.125  1.928  1.118  1.112  1.118  0.     1.128]
 [ 1.113  1.111  1.119  1.126  1.112  1.128  0.   ]]
Potential: -14.6719417043
Gradient norm: 0.308446698166
Distance norm 4.34031211873e-05 


n= 34000 
Distance matrix=
 [[ 0.     1.57   1.122  1.117  1.825  1.125  1.113]
 [ 1.57   0.     2.141  1.114  2.149  1.928  1.111]
 [ 1.122  2.141  0.     1.825  1.124  1.117  1.119]
 [ 1.117  1.114  1.825  0.     1.848  1.112  1.126]
 [ 1.825  2.149  1.124  1.848  0.     1.118  1.111]
 [ 1.125  1.928  1.117  1.112  1.118  0.     1.128]
 [ 1.113  1.111  1.119  1.126  1.111  1.128  0.   ]]
Potential: -14.6947927361
Gradient norm: 0.368515778901
Distance norm 5.33263725889e-05 


n= 35000 
Distance matrix=
 [[ 0.     1.534  1.123  1.117  1.825  1.126  1.112]
 [ 1.534  0.     2.124  1.114  2.162  1.926  1.11 ]
 [ 1.123  2.124  0.     1.825  1.124  1.117  1.12 ]
 [ 1.117  1.114  1.825  0.     1.848  1.111  1.127]
 [ 1.825  2.162  1.124  1.848  0.     1.118  1.111]
 [ 1.126  1.926  1.117  1.111  1.118  0.     1.128]
 [ 1.112  1.11   1.12   1.127  1.111  1.128  0.   ]]
Potential: -14.7283429609
Gradient norm: 0.453101852139
Distance norm 6.79744253361e-05 


n= 36000 
Distance matrix=
 [[ 0.     1.485  1.123  1.116  1.825  1.127  1.111]
 [ 1.485  0.     2.101  1.113  2.175  1.921  1.109]
 [ 1.123  2.101  0.     1.825  1.125  1.116  1.12 ]
 [ 1.116  1.113  1.825  0.     1.849  1.111  1.128]
 [ 1.825  2.175  1.125  1.849  0.     1.119  1.11 ]
 [ 1.127  1.921  1.116  1.111  1.119  0.     1.128]
 [ 1.111  1.109  1.12   1.128  1.11   1.128  0.   ]]
Potential: -14.7812674727
Gradient norm: 0.581470748387
Distance norm 9.14225755258e-05 


n= 37000 
Distance matrix=
 [[ 0.     1.418  1.125  1.115  1.826  1.129  1.109]
 [ 1.418  0.     2.066  1.112  2.188  1.91   1.108]
 [ 1.125  2.066  0.     1.825  1.125  1.115  1.121]
 [ 1.115  1.112  1.825  0.     1.849  1.11   1.13 ]
 [ 1.826  2.188  1.125  1.849  0.     1.119  1.109]
 [ 1.129  1.91   1.115  1.11   1.119  0.     1.128]
 [ 1.109  1.108  1.121  1.13   1.109  1.128  0.   ]]
Potential: -14.8744295744
Gradient norm: 0.7965727277
Distance norm 0.000133106272041 


n= 38000 
Distance matrix=
 [[ 0.     1.315  1.127  1.114  1.828  1.132  1.107]
 [ 1.315  0.     2.012  1.11   2.199  1.886  1.106]
 [ 1.127  2.012  0.     1.825  1.126  1.113  1.122]
 [ 1.114  1.11   1.825  0.     1.85   1.109  1.133]
 [ 1.828  2.199  1.126  1.85   0.     1.12   1.107]
 [ 1.132  1.886  1.113  1.109  1.12   0.     1.128]
 [ 1.107  1.106  1.122  1.133  1.107  1.128  0.   ]]
Potential: -15.0655111095
Gradient norm: 1.17508635387
Distance norm 0.000210820567899 


n= 39000 
Distance matrix=
 [[ 0.     1.178  1.128  1.115  1.83   1.136  1.107]
 [ 1.178  0.     1.931  1.11   2.206  1.845  1.107]
 [ 1.128  1.931  0.     1.825  1.127  1.111  1.124]
 [ 1.115  1.11   1.825  0.     1.85   1.108  1.134]
 [ 1.83   2.206  1.127  1.85   0.     1.122  1.107]
 [ 1.136  1.845  1.111  1.108  1.122  0.     1.127]
 [ 1.107  1.107  1.124  1.134  1.107  1.127  0.   ]]
Potential: -15.4009698011
Gradient norm: 1.16764581391
Distance norm 0.00020173529207 


n= 40000 
Distance matrix=
 [[ 0.     1.127  1.12   1.121  1.826  1.127  1.116]
 [ 1.127  0.     1.883  1.116  2.215  1.829  1.114]
 [ 1.12   1.883  0.     1.823  1.124  1.114  1.123]
 [ 1.121  1.116  1.823  0.     1.849  1.11   1.125]
 [ 1.826  2.215  1.124  1.849  0.     1.12   1.111]
 [ 1.127  1.829  1.114  1.11   1.12   0.     1.128]
 [ 1.116  1.114  1.123  1.125  1.111  1.128  0.   ]]
Potential: -15.5158739362
Gradient norm: 0.40209656985
Distance norm 5.19543594208e-05 


n= 41000 
Distance matrix=
 [[ 0.     1.12   1.118  1.123  1.825  1.12   1.122]
 [ 1.12   0.     1.866  1.119  2.218  1.826  1.116]
 [ 1.118  1.866  0.     1.823  1.123  1.119  1.12 ]
 [ 1.123  1.119  1.823  0.     1.848  1.113  1.12 ]
 [ 1.825  2.218  1.123  1.848  0.     1.118  1.114]
 [ 1.12   1.826  1.119  1.113  1.118  0.     1.128]
 [ 1.122  1.116  1.12   1.12   1.114  1.128  0.   ]]
Potential: -15.5302196612
Gradient norm: 0.156854870673
Distance norm 2.05129630426e-05 


n= 42000 
Distance matrix=
 [[ 0.     1.118  1.117  1.123  1.825  1.118  1.125]
 [ 1.118  0.     1.858  1.121  2.219  1.826  1.116]
 [ 1.117  1.858  0.     1.822  1.122  1.121  1.118]
 [ 1.123  1.121  1.822  0.     1.849  1.115  1.118]
 [ 1.825  2.219  1.122  1.849  0.     1.117  1.115]
 [ 1.118  1.826  1.121  1.115  1.117  0.     1.128]
 [ 1.125  1.116  1.118  1.118  1.115  1.128  0.   ]]
Potential: -15.5325161687
Gradient norm: 0.0660992359276
Distance norm 8.95649661602e-06 


n= 43000 
Distance matrix=
 [[ 0.     1.117  1.117  1.123  1.825  1.117  1.126]
 [ 1.117  0.     1.854  1.121  2.219  1.825  1.116]
 [ 1.117  1.854  0.     1.822  1.122  1.121  1.117]
 [ 1.123  1.121  1.822  0.     1.849  1.116  1.117]
 [ 1.825  2.219  1.122  1.849  0.     1.117  1.115]
 [ 1.117  1.825  1.121  1.116  1.117  0.     1.128]
 [ 1.126  1.116  1.117  1.117  1.115  1.128  0.   ]]
Potential: -15.532939152
Gradient norm: 0.0310005421582
Distance norm 4.16342944261e-06 


n= 44000 
Distance matrix=
 [[ 0.     1.117  1.116  1.123  1.825  1.117  1.127]
 [ 1.117  0.     1.853  1.122  2.219  1.825  1.116]
 [ 1.116  1.853  0.     1.822  1.122  1.122  1.117]
 [ 1.123  1.122  1.822  0.     1.85   1.116  1.117]
 [ 1.825  2.219  1.122  1.85   0.     1.117  1.115]
 [ 1.117  1.825  1.122  1.116  1.117  0.     1.128]
 [ 1.127  1.116  1.117  1.117  1.115  1.128  0.   ]]
Potential: -15.5330297457
Gradient norm: 0.0172752193975
Distance norm 2.05229329621e-06 


n= 45000 
Distance matrix=
 [[ 0.     1.117  1.116  1.122  1.825  1.117  1.127]
 [ 1.117  0.     1.852  1.122  2.219  1.825  1.116]
 [ 1.116  1.852  0.     1.822  1.122  1.122  1.117]
 [ 1.122  1.122  1.822  0.     1.85   1.116  1.117]
 [ 1.825  2.219  1.122  1.85   0.     1.117  1.115]
 [ 1.117  1.825  1.122  1.116  1.117  0.     1.128]
 [ 1.127  1.116  1.117  1.117  1.115  1.128  0.   ]]
Potential: -15.5330517766
Gradient norm: 0.0122132000734
Distance norm 1.05375229067e-06 


n= 46000 
Distance matrix=
 [[ 0.     1.117  1.116  1.122  1.825  1.117  1.127]
 [ 1.117  0.     1.851  1.122  2.219  1.825  1.115]
 [ 1.116  1.851  0.     1.822  1.122  1.122  1.117]
 [ 1.122  1.122  1.822  0.     1.851  1.116  1.117]
 [ 1.825  2.219  1.122  1.851  0.     1.117  1.115]
 [ 1.117  1.825  1.122  1.116  1.117  0.     1.127]
 [ 1.127  1.115  1.117  1.117  1.115  1.127  0.   ]]
Potential: -15.5330575889
Gradient norm: 0.0105621830248
Distance norm 5.53693954443e-07 


n= 47000 
Distance matrix=
 [[ 0.     1.117  1.116  1.122  1.825  1.117  1.127]
 [ 1.117  0.     1.851  1.122  2.219  1.825  1.115]
 [ 1.116  1.851  0.     1.822  1.122  1.122  1.117]
 [ 1.122  1.122  1.822  0.     1.851  1.116  1.117]
 [ 1.825  2.219  1.122  1.851  0.     1.117  1.115]
 [ 1.117  1.825  1.122  1.116  1.117  0.     1.127]
 [ 1.127  1.115  1.117  1.117  1.115  1.127  0.   ]]
Potential: -15.533059188
Gradient norm: 0.0100709832044
Distance norm 2.94366387208e-07 


n= 48000 
Distance matrix=
 [[ 0.     1.117  1.116  1.122  1.825  1.117  1.127]
 [ 1.117  0.     1.851  1.122  2.219  1.825  1.115]
 [ 1.116  1.851  0.     1.822  1.122  1.122  1.117]
 [ 1.122  1.122  1.822  0.     1.851  1.116  1.117]
 [ 1.825  2.219  1.122  1.851  0.     1.117  1.115]
 [ 1.117  1.825  1.122  1.116  1.117  0.     1.127]
 [ 1.127  1.115  1.117  1.117  1.115  1.127  0.   ]]
Potential: -15.5330596348
Gradient norm: 0.00992944059489
Distance norm 1.57380960865e-07 


n= 49000 
Distance matrix=
 [[ 0.     1.117  1.116  1.122  1.825  1.117  1.127]
 [ 1.117  0.     1.851  1.122  2.219  1.825  1.115]
 [ 1.116  1.851  0.     1.822  1.122  1.122  1.117]
 [ 1.122  1.122  1.822  0.     1.851  1.116  1.117]
 [ 1.825  2.219  1.122  1.851  0.     1.117  1.115]
 [ 1.117  1.825  1.122  1.116  1.117  0.     1.127]
 [ 1.127  1.115  1.117  1.117  1.115  1.127  0.   ]]
Potential: -15.533059759
Gradient norm: 0.00988883523996
Distance norm 8.43648589068e-08 


n= 50000 
Distance matrix=
 [[ 0.     1.117  1.116  1.122  1.825  1.117  1.127]
 [ 1.117  0.     1.851  1.122  2.219  1.825  1.115]
 [ 1.116  1.851  0.     1.822  1.122  1.122  1.117]
 [ 1.122  1.122  1.822  0.     1.851  1.116  1.117]
 [ 1.825  2.219  1.122  1.851  0.     1.117  1.115]
 [ 1.117  1.825  1.122  1.116  1.117  0.     1.127]
 [ 1.127  1.115  1.117  1.117  1.115  1.127  0.   ]]
Potential: -15.5330597926
Gradient norm: 0.00987716481767
Distance norm 4.52787600436e-08 


n= 51000 
Distance matrix=
 [[ 0.     1.117  1.116  1.122  1.825  1.117  1.127]
 [ 1.117  0.     1.851  1.122  2.219  1.825  1.115]
 [ 1.116  1.851  0.     1.822  1.122  1.122  1.117]
 [ 1.122  1.122  1.822  0.     1.851  1.116  1.117]
 [ 1.825  2.219  1.122  1.851  0.     1.117  1.115]
 [ 1.117  1.825  1.122  1.116  1.117  0.     1.127]
 [ 1.127  1.115  1.117  1.117  1.115  1.127  0.   ]]
Potential: -15.5330598012
Gradient norm: 0.00987380397712
Distance norm 2.4313629044e-08 


n= 52000 
Distance matrix=
 [[ 0.     1.117  1.116  1.122  1.825  1.117  1.127]
 [ 1.117  0.     1.851  1.122  2.219  1.825  1.115]
 [ 1.116  1.851  0.     1.822  1.122  1.122  1.117]
 [ 1.122  1.122  1.822  0.     1.851  1.116  1.117]
 [ 1.825  2.219  1.122  1.851  0.     1.117  1.115]
 [ 1.117  1.825  1.122  1.116  1.117  0.     1.127]
 [ 1.127  1.115  1.117  1.117  1.115  1.127  0.   ]]
Potential: -15.533059803
Gradient norm: 0.0098728354094
Distance norm 1.30577290916e-08 


n= 53000 
Distance matrix=
 [[ 0.     1.117  1.116  1.122  1.825  1.117  1.127]
 [ 1.117  0.     1.851  1.122  2.219  1.825  1.115]
 [ 1.116  1.851  0.     1.822  1.122  1.122  1.117]
 [ 1.122  1.122  1.822  0.     1.851  1.116  1.117]
 [ 1.825  2.219  1.122  1.851  0.     1.117  1.115]
 [ 1.117  1.825  1.122  1.116  1.117  0.     1.127]
 [ 1.127  1.115  1.117  1.117  1.115  1.127  0.   ]]
Potential: -15.5330598031
Gradient norm: 0.00987255676791
Distance norm 7.011935858e-09 


n= 54000 
Distance matrix=
 [[ 0.     1.117  1.116  1.122  1.825  1.117  1.127]
 [ 1.117  0.     1.851  1.122  2.219  1.825  1.115]
 [ 1.116  1.851  0.     1.822  1.122  1.122  1.117]
 [ 1.122  1.122  1.822  0.     1.851  1.116  1.117]
 [ 1.825  2.219  1.122  1.851  0.     1.117  1.115]
 [ 1.117  1.825  1.122  1.116  1.117  0.     1.127]
 [ 1.127  1.115  1.117  1.117  1.115  1.127  0.   ]]
Potential: -15.533059803
Gradient norm: 0.00987247755863
Distance norm 3.7639467571e-09 


n= 55000 
Distance matrix=
 [[ 0.     1.117  1.116  1.122  1.825  1.117  1.127]
 [ 1.117  0.     1.851  1.122  2.219  1.825  1.115]
 [ 1.116  1.851  0.     1.822  1.122  1.122  1.117]
 [ 1.122  1.122  1.822  0.     1.851  1.116  1.117]
 [ 1.825  2.219  1.122  1.851  0.     1.117  1.115]
 [ 1.117  1.825  1.122  1.116  1.117  0.     1.127]
 [ 1.127  1.115  1.117  1.117  1.115  1.127  0.   ]]
Potential: -15.5330598028
Gradient norm: 0.00987245599949
Distance norm 2.01886021224e-09 


n= 56000 
Distance matrix=
 [[ 0.     1.117  1.116  1.122  1.825  1.117  1.127]
 [ 1.117  0.     1.851  1.122  2.219  1.825  1.115]
 [ 1.116  1.851  0.     1.822  1.122  1.122  1.117]
 [ 1.122  1.122  1.822  0.     1.851  1.116  1.117]
 [ 1.825  2.219  1.122  1.851  0.     1.117  1.115]
 [ 1.117  1.825  1.122  1.116  1.117  0.     1.127]
 [ 1.127  1.115  1.117  1.117  1.115  1.127  0.   ]]
Potential: -15.5330598027
Gradient norm: 0.00987245104753
Distance norm 1.08123238775e-09 


n= 57000 
Distance matrix=
 [[ 0.     1.117  1.116  1.122  1.825  1.117  1.127]
 [ 1.117  0.     1.851  1.122  2.219  1.825  1.115]
 [ 1.116  1.851  0.     1.822  1.122  1.122  1.117]
 [ 1.122  1.122  1.822  0.     1.851  1.116  1.117]
 [ 1.825  2.219  1.122  1.851  0.     1.117  1.115]
 [ 1.117  1.825  1.122  1.116  1.117  0.     1.127]
 [ 1.127  1.115  1.117  1.117  1.115  1.127  0.   ]]
Potential: -15.5330598026
Gradient norm: 0.00987245110355
Distance norm 5.77469844591e-10 


n= 58000 
Distance matrix=
 [[ 0.     1.117  1.116  1.122  1.825  1.117  1.127]
 [ 1.117  0.     1.851  1.122  2.219  1.825  1.115]
 [ 1.116  1.851  0.     1.822  1.122  1.122  1.117]
 [ 1.122  1.122  1.822  0.     1.851  1.116  1.117]
 [ 1.825  2.219  1.122  1.851  0.     1.117  1.115]
 [ 1.117  1.825  1.122  1.116  1.117  0.     1.127]
 [ 1.127  1.115  1.117  1.117  1.115  1.127  0.   ]]
Potential: -15.5330598026
Gradient norm: 0.00987245249198
Distance norm 3.06860486783e-10 


n= 59000 
Distance matrix=
 [[ 0.     1.117  1.116  1.122  1.825  1.117  1.127]
 [ 1.117  0.     1.851  1.122  2.219  1.825  1.115]
 [ 1.116  1.851  0.     1.822  1.122  1.122  1.117]
 [ 1.122  1.122  1.822  0.     1.851  1.116  1.117]
 [ 1.825  2.219  1.122  1.851  0.     1.117  1.115]
 [ 1.117  1.825  1.122  1.116  1.117  0.     1.127]
 [ 1.127  1.115  1.117  1.117  1.115  1.127  0.   ]]
Potential: -15.5330598026
Gradient norm: 0.00987245431109
Distance norm 1.61608220491e-10 


Initial system2:
[[ 0.     1.454  1.71   1.437  1.7    1.204  1.437]
 [ 1.454  0.     1.337  0.323  1.972  0.893  1.147]
 [ 1.71   1.337  0.     1.028  1.051  1.039  0.633]
 [ 1.437  0.323  1.028  0.     1.754  0.814  0.937]
 [ 1.7    1.972  1.051  1.754  0.     1.191  0.858]
 [ 1.204  0.893  1.039  0.814  1.191  0.     0.48 ]
 [ 1.437  1.147  0.633  0.937  0.858  0.48   0.   ]]
Potential energy: 3162930.51125

n= 1000 
Distance matrix=
 [[ 0.     1.848  2.531  1.246  1.449  1.113  2.17 ]
 [ 1.848  0.     3.268  1.949  2.697  1.12   2.982]
 [ 2.531  3.268  0.     1.499  1.988  3.06   1.114]
 [ 1.246  1.949  1.499  0.     1.128  1.562  1.13 ]
 [ 1.449  2.697  1.988  1.128  0.     1.854  1.118]
 [ 1.113  1.12   3.06   1.562  1.854  0.     2.497]
 [ 2.17   2.982  1.114  1.13   1.118  2.497  0.   ]]
Potential: -8.16158994916
Gradient norm: 2.46056270309
Distance norm 0.000777901110427 


n= 2000 
Distance matrix=
 [[ 0.     1.867  2.359  1.115  1.222  1.113  1.99 ]
 [ 1.867  0.     3.193  1.908  2.61   1.12   2.926]
 [ 2.359  3.193  0.     1.454  1.967  2.953  1.115]
 [ 1.115  1.908  1.454  0.     1.109  1.499  1.124]
 [ 1.222  2.61   1.967  1.109  0.     1.73   1.13 ]
 [ 1.113  1.12   2.953  1.499  1.73   0.     2.396]
 [ 1.99   2.926  1.115  1.124  1.13   2.396  0.   ]]
Potential: -9.04923113666
Gradient norm: 1.99163879663
Distance norm 0.000568226284787 


n= 3000 
Distance matrix=
 [[ 0.     1.886  2.245  1.123  1.119  1.11   1.922]
 [ 1.886  0.     3.093  1.878  2.542  1.121  2.889]
 [ 2.245  3.093  0.     1.355  1.913  2.806  1.112]
 [ 1.123  1.878  1.355  0.     1.12   1.451  1.121]
 [ 1.119  2.542  1.913  1.12   0.     1.621  1.12 ]
 [ 1.11   1.121  2.806  1.451  1.621  0.     2.297]
 [ 1.922  2.889  1.112  1.121  1.12   2.297  0.   ]]
Potential: -9.54835021534
Gradient norm: 1.39673730795
Distance norm 0.000428936990792 


n= 4000 
Distance matrix=
 [[ 0.     1.878  2.123  1.127  1.114  1.107  1.917]
 [ 1.878  0.     2.964  1.862  2.488  1.123  2.859]
 [ 2.123  2.964  0.     1.233  1.851  2.615  1.109]
 [ 1.127  1.862  1.233  0.     1.12   1.383  1.124]
 [ 1.114  2.488  1.851  1.12   0.     1.515  1.117]
 [ 1.107  1.123  2.615  1.383  1.515  0.     2.192]
 [ 1.917  2.859  1.109  1.124  1.117  2.192  0.   ]]
Potential: -10.0713566555
Gradient norm: 1.82072283284
Distance norm 0.000547086718928 


n= 5000 
Distance matrix=
 [[ 0.     1.864  2.009  1.124  1.114  1.104  1.912]
 [ 1.864  0.     2.834  1.806  2.403  1.13   2.808]
 [ 2.009  2.834  0.     1.153  1.806  2.391  1.111]
 [ 1.124  1.806  1.153  0.     1.112  1.24   1.132]
 [ 1.114  2.403  1.806  1.112  0.     1.359  1.119]
 [ 1.104  1.13   2.391  1.24   1.359  0.     2.035]
 [ 1.912  2.808  1.111  1.132  1.119  2.035  0.   ]]
Potential: -10.8547747923
Gradient norm: 2.21634856685
Distance norm 0.00066049603292 


n= 6000 
Distance matrix=
 [[ 0.     1.824  1.937  1.128  1.114  1.112  1.887]
 [ 1.824  0.     2.73   1.714  2.265  1.134  2.71 ]
 [ 1.937  2.73   0.     1.122  1.803  2.234  1.116]
 [ 1.128  1.714  1.122  0.     1.112  1.118  1.129]
 [ 1.114  2.265  1.803  1.112  0.     1.179  1.12 ]
 [ 1.112  1.134  2.234  1.118  1.179  0.     1.871]
 [ 1.887  2.71   1.116  1.129  1.12   1.871  0.   ]]
Potential: -11.6211435727
Gradient norm: 1.41127619522
Distance norm 0.000398532598883 


n= 7000 
Distance matrix=
 [[ 0.     1.763  1.903  1.12   1.118  1.121  1.862]
 [ 1.763  0.     2.669  1.642  2.182  1.117  2.631]
 [ 1.903  2.669  0.     1.118  1.806  2.218  1.118]
 [ 1.12   1.642  1.118  0.     1.124  1.114  1.125]
 [ 1.118  2.182  1.806  1.124  0.     1.121  1.114]
 [ 1.121  1.117  2.218  1.114  1.121  0.     1.822]
 [ 1.862  2.631  1.118  1.125  1.114  1.822  0.   ]]
Potential: -11.8023725029
Gradient norm: 0.654229308321
Distance norm 0.000181512042768 


n= 8000 
Distance matrix=
 [[ 0.     1.709  1.877  1.116  1.118  1.123  1.856]
 [ 1.709  0.     2.612  1.58   2.151  1.112  2.58 ]
 [ 1.877  2.612  0.     1.12   1.789  2.215  1.117]
 [ 1.116  1.58   1.12   0.     1.13   1.115  1.124]
 [ 1.118  2.151  1.789  1.13   0.     1.114  1.111]
 [ 1.123  1.112  2.215  1.115  1.114  0.     1.809]
 [ 1.856  2.58   1.117  1.124  1.111  1.809  0.   ]]
Potential: -11.8928000233
Gradient norm: 0.729752915969
Distance norm 0.00018241167883 


n= 9000 
Distance matrix=
 [[ 0.     1.642  1.849  1.115  1.118  1.123  1.859]
 [ 1.642  0.     2.538  1.504  2.116  1.11   2.522]
 [ 1.849  2.538  0.     1.121  1.761  2.21   1.116]
 [ 1.115  1.504  1.121  0.     1.133  1.116  1.126]
 [ 1.118  2.116  1.761  1.133  0.     1.112  1.11 ]
 [ 1.123  1.11   2.21   1.116  1.112  0.     1.8  ]
 [ 1.859  2.522  1.116  1.126  1.11   1.8    0.   ]]
Potential: -12.0319743361
Gradient norm: 0.953490014114
Distance norm 0.000244017833952 


n= 10000 
Distance matrix=
 [[ 0.     1.546  1.816  1.113  1.118  1.124  1.864]
 [ 1.546  0.     2.43   1.398  2.061  1.106  2.44 ]
 [ 1.816  2.43   0.     1.124  1.722  2.2    1.114]
 [ 1.113  1.398  1.124  0.     1.135  1.116  1.129]
 [ 1.118  2.061  1.722  1.135  0.     1.111  1.109]
 [ 1.124  1.106  2.2    1.116  1.111  0.     1.789]
 [ 1.864  2.44   1.114  1.129  1.109  1.789  0.   ]]
Potential: -12.2963070646
Gradient norm: 1.38139811562
Distance norm 0.000369631778112 


n= 11000 
Distance matrix=
 [[ 0.     1.392  1.774  1.108  1.119  1.124  1.872]
 [ 1.392  0.     2.259  1.232  1.961  1.102  2.307]
 [ 1.774  2.259  0.     1.128  1.664  2.185  1.112]
 [ 1.108  1.232  1.128  0.     1.139  1.119  1.135]
 [ 1.119  1.961  1.664  1.139  0.     1.109  1.106]
 [ 1.124  1.102  2.185  1.119  1.109  0.     1.773]
 [ 1.872  2.307  1.112  1.135  1.106  1.773  0.   ]]
Potential: -12.9199085702
Gradient norm: 2.12593743709
Distance norm 0.000582913823384 


n= 12000 
Distance matrix=
 [[ 0.     1.191  1.731  1.106  1.124  1.12   1.89 ]
 [ 1.191  0.     2.099  1.116  1.851  1.108  2.199]
 [ 1.731  2.099  0.     1.115  1.59   2.162  1.117]
 [ 1.106  1.116  1.115  0.     1.127  1.128  1.119]
 [ 1.124  1.851  1.59   1.127  0.     1.111  1.111]
 [ 1.12   1.108  2.162  1.128  1.111  0.     1.754]
 [ 1.89   2.199  1.117  1.119  1.111  1.754  0.   ]]
Potential: -13.6917864984
Gradient norm: 1.54707513329
Distance norm 0.000311293799576 


n= 13000 
Distance matrix=
 [[ 0.     1.124  1.678  1.118  1.115  1.125  1.9  ]
 [ 1.124  0.     2.061  1.113  1.826  1.12   2.202]
 [ 1.678  2.061  0.     1.109  1.51   2.121  1.119]
 [ 1.118  1.113  1.109  0.     1.122  1.118  1.117]
 [ 1.115  1.826  1.51   1.122  0.     1.119  1.112]
 [ 1.125  1.12   2.121  1.118  1.119  0.     1.739]
 [ 1.9    2.202  1.119  1.117  1.112  1.739  0.   ]]
Potential: -13.9206568132
Gradient norm: 0.838996992878
Distance norm 0.000172869406443 


n= 14000 
Distance matrix=
 [[ 0.     1.118  1.601  1.124  1.108  1.128  1.901]
 [ 1.118  0.     2.043  1.114  1.824  1.125  2.208]
 [ 1.601  2.043  0.     1.104  1.413  2.07   1.118]
 [ 1.124  1.114  1.104  0.     1.122  1.112  1.121]
 [ 1.108  1.824  1.413  1.122  0.     1.124  1.108]
 [ 1.128  1.125  2.07   1.112  1.124  0.     1.73 ]
 [ 1.901  2.208  1.118  1.121  1.108  1.73   0.   ]]
Potential: -14.1021990054
Gradient norm: 1.12276506708
Distance norm 0.000228605425008 


n= 15000 
Distance matrix=
 [[ 0.     1.116  1.482  1.127  1.102  1.129  1.901]
 [ 1.116  0.     2.016  1.114  1.823  1.127  2.21 ]
 [ 1.482  2.016  0.     1.099  1.265  1.989  1.118]
 [ 1.127  1.114  1.099  0.     1.123  1.108  1.124]
 [ 1.102  1.823  1.265  1.123  0.     1.129  1.104]
 [ 1.129  1.127  1.989  1.108  1.129  0.     1.724]
 [ 1.901  2.21   1.118  1.124  1.104  1.724  0.   ]]
Potential: -14.5160005015
Gradient norm: 1.76674408821
Distance norm 0.000372845287619 


n= 16000 
Distance matrix=
 [[ 0.     1.117  1.322  1.123  1.1    1.133  1.881]
 [ 1.117  0.     1.975  1.115  1.827  1.126  2.206]
 [ 1.322  1.975  0.     1.101  1.126  1.886  1.13 ]
 [ 1.123  1.115  1.101  0.     1.138  1.108  1.119]
 [ 1.1    1.827  1.126  1.138  0.     1.122  1.107]
 [ 1.133  1.126  1.886  1.108  1.122  0.     1.718]
 [ 1.881  2.206  1.13   1.119  1.107  1.718  0.   ]]
Potential: -15.0784953244
Gradient norm: 1.35669102581
Distance norm 0.000277238564098 


n= 17000 
Distance matrix=
 [[ 0.     1.123  1.177  1.112  1.106  1.142  1.831]
 [ 1.123  0.     1.918  1.117  1.832  1.118  2.202]
 [ 1.177  1.918  0.     1.105  1.11   1.83   1.142]
 [ 1.112  1.117  1.105  0.     1.163  1.11   1.109]
 [ 1.106  1.832  1.11   1.163  0.     1.109  1.109]
 [ 1.142  1.118  1.83   1.11   1.109  0.     1.738]
 [ 1.831  2.202  1.142  1.109  1.109  1.738  0.   ]]
Potential: -15.3950920499
Gradient norm: 1.00283250587
Distance norm 0.000189016847187 


n= 18000 
Distance matrix=
 [[ 0.     1.119  1.132  1.115  1.112  1.137  1.818]
 [ 1.119  0.     1.888  1.118  1.831  1.117  2.209]
 [ 1.132  1.888  0.     1.112  1.113  1.817  1.135]
 [ 1.115  1.118  1.112  0.     1.158  1.112  1.109]
 [ 1.112  1.831  1.113  1.158  0.     1.107  1.11 ]
 [ 1.137  1.117  1.817  1.112  1.107  0.     1.778]
 [ 1.818  2.209  1.135  1.109  1.11   1.778  0.   ]]
Potential: -15.4873923074
Gradient norm: 0.470308378867
Distance norm 7.05371906106e-05 


n= 19000 
Distance matrix=
 [[ 0.     1.118  1.125  1.119  1.114  1.131  1.82 ]
 [ 1.118  0.     1.874  1.118  1.828  1.118  2.216]
 [ 1.125  1.874  0.     1.114  1.116  1.82   1.129]
 [ 1.119  1.118  1.114  0.     1.144  1.114  1.112]
 [ 1.114  1.828  1.116  1.144  0.     1.11   1.112]
 [ 1.131  1.118  1.82   1.114  1.11   0.     1.81 ]
 [ 1.82   2.216  1.129  1.112  1.112  1.81   0.   ]]
Potential: -15.51698576
Gradient norm: 0.298955297683
Distance norm 4.54701394083e-05 


n= 20000 
Distance matrix=
 [[ 0.     1.117  1.121  1.122  1.115  1.127  1.823]
 [ 1.117  0.     1.865  1.117  1.827  1.12   2.218]
 [ 1.121  1.865  0.     1.116  1.119  1.821  1.126]
 [ 1.122  1.117  1.116  0.     1.136  1.116  1.114]
 [ 1.115  1.827  1.119  1.136  0.     1.113  1.114]
 [ 1.127  1.12   1.821  1.116  1.113  0.     1.829]
 [ 1.823  2.218  1.126  1.114  1.114  1.829  0.   ]]
Potential: -15.5280224078
Gradient norm: 0.173231495839
Distance norm 2.58443208385e-05 


n= 21000 
Distance matrix=
 [[ 0.     1.117  1.119  1.124  1.116  1.125  1.824]
 [ 1.117  0.     1.859  1.117  1.826  1.12   2.219]
 [ 1.119  1.859  0.     1.117  1.12   1.822  1.124]
 [ 1.124  1.117  1.117  0.     1.132  1.116  1.114]
 [ 1.116  1.826  1.12   1.132  0.     1.114  1.115]
 [ 1.125  1.12   1.822  1.116  1.114  0.     1.84 ]
 [ 1.824  2.219  1.124  1.114  1.115  1.84   0.   ]]
Potential: -15.5315594902
Gradient norm: 0.0956914505365
Distance norm 1.41172817453e-05 


n= 22000 
Distance matrix=
 [[ 0.     1.117  1.118  1.126  1.117  1.124  1.824]
 [ 1.117  0.     1.856  1.116  1.825  1.121  2.219]
 [ 1.118  1.856  0.     1.117  1.121  1.822  1.123]
 [ 1.126  1.116  1.117  0.     1.13   1.117  1.115]
 [ 1.117  1.825  1.121  1.13   0.     1.115  1.116]
 [ 1.124  1.121  1.822  1.117  1.115  0.     1.845]
 [ 1.824  2.219  1.123  1.115  1.116  1.845  0.   ]]
Potential: -15.5326175575
Gradient norm: 0.0522879182876
Distance norm 7.6026162965e-06 


n= 23000 
