
Initial system1:
[[ 0.     2.785  3.358  4.07   2.379  2.684  3.858]
 [ 2.785  0.     1.805  1.635  3.352  1.169  1.089]
 [ 3.358  1.805  0.     2.493  4.73   0.792  2.204]
 [ 4.07   1.635  2.493  0.     4.598  2.232  1.034]
 [ 2.379  3.352  4.73   4.598  0.     3.967  4.155]
 [ 2.684  1.169  0.792  2.232  3.967  0.     1.897]
 [ 3.858  1.089  2.204  1.034  4.155  1.897  0.   ]]
Potential energy: 18.9959654344

n= 1000 
Distance matrix=
 [[ 0.     2.521  3.578  4.026  2.308  2.311  3.956]
 [ 2.521  0.     2.303  1.939  2.988  1.338  1.446]
 [ 3.578  2.303  0.     2.663  4.953  1.333  2.399]
 [ 4.026  1.939  2.663  0.     4.629  2.436  1.46 ]
 [ 2.308  2.988  4.953  4.629  0.     3.692  4.2  ]
 [ 2.311  1.338  1.333  2.436  3.692  0.     2.222]
 [ 3.956  1.446  2.399  1.46   4.2    2.222  0.   ]]
Potential: 9.45702919647
Gradient norm: 3.7846645783
Distance norm 0.00105917025287 


n= 2000 
Distance matrix=
 [[ 0.     2.38   3.606  3.926  2.237  2.13   3.943]
 [ 2.38   0.     2.497  2.035  2.769  1.481  1.609]
 [ 3.606  2.497  0.     2.643  4.949  1.507  2.383]
 [ 3.926  2.035  2.643  0.     4.566  2.49   1.62 ]
 [ 2.237  2.769  4.949  4.566  0.     3.565  4.184]
 [ 2.13   1.481  1.507  2.49   3.565  0.     2.377]
 [ 3.943  1.609  2.383  1.62   4.184  2.377  0.   ]]
Potential: 7.75420510462
Gradient norm: 2.27460323939
Distance norm 0.000624873365229 


n= 3000 
Distance matrix=
 [[ 0.     2.279  3.593  3.822  2.169  2.013  3.897]
 [ 2.279  0.     2.594  2.075  2.603  1.569  1.703]
 [ 3.593  2.594  0.     2.585  4.895  1.597  2.324]
 [ 3.822  2.075  2.585  0.     4.479  2.485  1.702]
 [ 2.169  2.603  4.895  4.479  0.     3.464  4.139]
 [ 2.013  1.569  1.597  2.485  3.464  0.     2.446]
 [ 3.897  1.703  2.324  1.702  4.139  2.446  0.   ]]
Potential: 6.98182136886
Gradient norm: 1.72120887696
Distance norm 0.000485554012374 


n= 4000 
Distance matrix=
 [[ 0.     2.201  3.567  3.721  2.104  1.931  3.842]
 [ 2.201  0.     2.647  2.089  2.466  1.628  1.762]
 [ 3.567  2.647  0.     2.515  4.822  1.646  2.253]
 [ 3.721  2.089  2.515  0.     4.382  2.452  1.75 ]
 [ 2.104  2.466  4.822  4.382  0.     3.377  4.079]
 [ 1.931  1.628  1.646  2.452  3.377  0.     2.473]
 [ 3.842  1.762  2.253  1.75   4.079  2.473  0.   ]]
Potential: 6.48468532006
Gradient norm: 1.45511151874
Distance norm 0.00042612160902 


n= 5000 
Distance matrix=
 [[ 0.     2.141  3.537  3.626  2.045  1.873  3.785]
 [ 2.141  0.     2.675  2.088  2.349  1.669  1.799]
 [ 3.537  2.675  0.     2.442  4.742  1.674  2.181]
 [ 3.626  2.088  2.442  0.     4.283  2.404  1.779]
 [ 2.045  2.349  4.742  4.283  0.     3.299  4.01 ]
 [ 1.873  1.669  1.674  2.404  3.299  0.     2.476]
 [ 3.785  1.799  2.181  1.779  4.01   2.476  0.   ]]
Potential: 6.11029574298
Gradient norm: 1.28942407724
Distance norm 0.000388607132299 


n= 6000 
Distance matrix=
 [[ 0.     2.095  3.508  3.537  1.994  1.831  3.731]
 [ 2.095  0.     2.691  2.079  2.247  1.699  1.821]
 [ 3.508  2.691  0.     2.373  4.662  1.688  2.115]
 [ 3.537  2.079  2.373  0.     4.184  2.348  1.798]
 [ 1.994  2.247  4.662  4.184  0.     3.231  3.939]
 [ 1.831  1.699  1.688  2.348  3.231  0.     2.466]
 [ 3.731  1.821  2.115  1.798  3.939  2.466  0.   ]]
Potential: 5.81088833194
Gradient norm: 1.16038811471
Distance norm 0.000355811864003 


n= 7000 
Distance matrix=
 [[ 0.     2.06   3.48   3.454  1.952  1.799  3.681]
 [ 2.06   0.     2.698  2.064  2.159  1.722  1.832]
 [ 3.48   2.698  0.     2.311  4.587  1.695  2.056]
 [ 3.454  2.064  2.311  0.     4.089  2.29   1.813]
 [ 1.952  2.159  4.587  4.089  0.     3.171  3.867]
 [ 1.799  1.722  1.695  2.29   3.171  0.     2.45 ]
 [ 3.681  1.832  2.056  1.813  3.867  2.45   0.   ]]
Potential: 5.56759102674
Gradient norm: 1.04658499377
Distance norm 0.000323382457583 


n= 8000 
Distance matrix=
 [[ 0.     2.035  3.456  3.377  1.918  1.774  3.636]
 [ 2.035  0.     2.701  2.044  2.083  1.741  1.835]
 [ 3.456  2.701  0.     2.256  4.518  1.698  2.007]
 [ 3.377  2.044  2.256  0.     4.     2.233  1.825]
 [ 1.918  2.083  4.518  4.     0.     3.118  3.797]
 [ 1.774  1.741  1.698  2.233  3.118  0.     2.432]
 [ 3.636  1.835  2.007  1.825  3.797  2.432  0.   ]]
Potential: 5.36995309316
Gradient norm: 0.942391597625
Distance norm 0.000291183308522 


n= 9000 
Distance matrix=
 [[ 0.     2.017  3.434  3.306  1.892  1.753  3.596]
 [ 2.017  0.     2.701  2.023  2.018  1.756  1.832]
 [ 3.434  2.701  0.     2.211  4.456  1.699  1.967]
 [ 3.306  2.023  2.211  0.     3.916  2.179  1.837]
 [ 1.892  2.018  4.456  3.916  0.     3.072  3.729]
 [ 1.753  1.756  1.699  2.179  3.072  0.     2.414]
 [ 3.596  1.832  1.967  1.837  3.729  2.414  0.   ]]
Potential: 5.20996262664
Gradient norm: 0.847351470013
Distance norm 0.00026018179871 


n= 10000 
Distance matrix=
 [[ 0.     2.005  3.414  3.241  1.872  1.736  3.56 ]
 [ 2.005  0.     2.7    2.001  1.963  1.769  1.825]
 [ 3.414  2.7    0.     2.173  4.401  1.698  1.935]
 [ 3.241  2.001  2.173  0.     3.84   2.129  1.848]
 [ 1.872  1.963  4.401  3.84   0.     3.033  3.666]
 [ 1.736  1.769  1.698  2.129  3.033  0.     2.398]
 [ 3.56   1.825  1.935  1.848  3.666  2.398  0.   ]]
Potential: 5.08064316369
Gradient norm: 0.761949329779
Distance norm 0.000231283721101 


n= 11000 
Distance matrix=
 [[ 0.     1.998  3.398  3.181  1.857  1.722  3.528]
 [ 1.998  0.     2.698  1.979  1.916  1.781  1.815]
 [ 3.398  2.698  0.     2.144  4.353  1.698  1.911]
 [ 3.181  1.979  2.144  0.     3.771  2.086  1.861]
 [ 1.857  1.916  4.353  3.771  0.     2.998  3.606]
 [ 1.722  1.781  1.698  2.086  2.998  0.     2.383]
 [ 3.528  1.815  1.911  1.861  3.606  2.383  0.   ]]
Potential: 4.97592555875
Gradient norm: 0.686394963363
Distance norm 0.000205019709662 


n= 12000 
Distance matrix=
 [[ 0.     1.993  3.384  3.127  1.847  1.709  3.5  ]
 [ 1.993  0.     2.696  1.957  1.877  1.792  1.803]
 [ 3.384  2.696  0.     2.121  4.311  1.697  1.893]
 [ 3.127  1.957  2.121  0.     3.709  2.048  1.873]
 [ 1.847  1.877  4.311  3.709  0.     2.969  3.551]
 [ 1.709  1.792  1.697  2.048  2.969  0.     2.371]
 [ 3.5    1.803  1.893  1.873  3.551  2.371  0.   ]]
Potential: 4.89067088462
Gradient norm: 0.620614254224
Distance norm 0.000181587025473 


n= 13000 
Distance matrix=
 [[ 0.     1.991  3.373  3.078  1.84   1.699  3.476]
 [ 1.991  0.     2.694  1.936  1.843  1.801  1.79 ]
 [ 3.373  2.694  0.     2.103  4.273  1.697  1.878]
 [ 3.078  1.936  2.103  0.     3.654  2.017  1.886]
 [ 1.84   1.843  4.273  3.654  0.     2.943  3.5  ]
 [ 1.699  1.801  1.697  2.017  2.943  0.     2.361]
 [ 3.476  1.79   1.878  1.886  3.5    2.361  0.   ]]
Potential: 4.82060169716
Gradient norm: 0.56446956056
Distance norm 0.000160979054252 


n= 14000 
Distance matrix=
 [[ 0.     1.99   3.363  3.033  1.835  1.69   3.454]
 [ 1.99   0.     2.692  1.916  1.815  1.811  1.778]
 [ 3.363  2.692  0.     2.09   4.241  1.696  1.868]
 [ 3.033  1.916  2.09   0.     3.604  1.991  1.9  ]
 [ 1.835  1.815  4.241  3.604  0.     2.921  3.454]
 [ 1.69   1.811  1.696  1.991  2.921  0.     2.352]
 [ 3.454  1.778  1.868  1.9    3.454  2.352  0.   ]]
Potential: 4.76217677531
Gradient norm: 0.517857451444
Distance norm 0.000143088766263 


n= 15000 
Distance matrix=
 [[ 0.     1.99   3.356  2.991  1.831  1.683  3.434]
 [ 1.99   0.     2.69   1.897  1.791  1.819  1.766]
 [ 3.356  2.69   0.     2.08   4.212  1.696  1.859]
 [ 2.991  1.897  2.08   0.     3.561  1.97   1.913]
 [ 1.831  1.791  4.212  3.561  0.     2.902  3.411]
 [ 1.683  1.819  1.696  1.97   2.902  0.     2.344]
 [ 3.434  1.766  1.859  1.913  3.411  2.344  0.   ]]
Potential: 4.71246478582
Gradient norm: 0.48067676758
Distance norm 0.000127766647172 


n= 16000 
Distance matrix=
 [[ 0.     1.99   3.35   2.953  1.829  1.677  3.417]
 [ 1.99   0.     2.688  1.879  1.771  1.828  1.755]
 [ 3.35   2.688  0.     2.072  4.186  1.696  1.852]
 [ 2.953  1.879  2.072  0.     3.522  1.954  1.927]
 [ 1.829  1.771  4.186  3.522  0.     2.884  3.371]
 [ 1.677  1.828  1.696  1.954  2.884  0.     2.337]
 [ 3.417  1.755  1.852  1.927  3.371  2.337  0.   ]]
Potential: 4.66903574801
Gradient norm: 0.452750898083
Distance norm 0.000114848760815 


n= 17000 
Distance matrix=
 [[ 0.     1.99   3.345  2.918  1.828  1.673  3.401]
 [ 1.99   0.     2.686  1.863  1.754  1.836  1.745]
 [ 3.345  2.686  0.     2.067  4.163  1.696  1.847]
 [ 2.918  1.863  2.067  0.     3.489  1.942  1.941]
 [ 1.828  1.754  4.163  3.489  0.     2.868  3.335]
 [ 1.673  1.836  1.696  1.942  2.868  0.     2.33 ]
 [ 3.401  1.745  1.847  1.941  3.335  2.33   0.   ]]
Potential: 4.62986768663
Gradient norm: 0.433764068035
Distance norm 0.000104171645548 


n= 18000 
Distance matrix=
 [[ 0.     1.989  3.342  2.884  1.827  1.669  3.387]
 [ 1.989  0.     2.685  1.848  1.74   1.845  1.736]
 [ 3.342  2.685  0.     2.062  4.142  1.696  1.842]
 [ 2.884  1.848  2.062  0.     3.459  1.934  1.955]
 [ 1.827  1.74   4.142  3.459  0.     2.854  3.301]
 [ 1.669  1.845  1.696  1.934  2.854  0.     2.324]
 [ 3.387  1.736  1.842  1.955  3.301  2.324  0.   ]]
Potential: 4.59326299839
Gradient norm: 0.423234726284
Distance norm 9.55823276181e-05 


n= 19000 
Distance matrix=
 [[ 0.     1.989  3.339  2.852  1.827  1.667  3.373]
 [ 1.989  0.     2.685  1.834  1.728  1.853  1.728]
 [ 3.339  2.685  0.     2.057  4.124  1.696  1.838]
 [ 2.852  1.834  2.057  0.     3.433  1.928  1.968]
 [ 1.827  1.728  4.124  3.433  0.     2.84   3.269]
 [ 1.667  1.853  1.696  1.928  2.84   0.     2.317]
 [ 3.373  1.728  1.838  1.968  3.269  2.317  0.   ]]
Potential: 4.55777271249
Gradient norm: 0.420528328154
Distance norm 8.89453054418e-05 


n= 20000 
Distance matrix=
 [[ 0.     1.988  3.337  2.821  1.828  1.665  3.36 ]
 [ 1.988  0.     2.685  1.82   1.718  1.861  1.721]
 [ 3.337  2.685  0.     2.053  4.106  1.696  1.835]
 [ 2.821  1.82   2.053  0.     3.41   1.925  1.982]
 [ 1.828  1.718  4.106  3.41   0.     2.825  3.239]
 [ 1.665  1.861  1.696  1.925  2.825  0.     2.31 ]
 [ 3.36   1.721  1.835  1.982  3.239  2.31   0.   ]]
Potential: 4.52212975512
Gradient norm: 0.424900154558
Distance norm 8.41458014463e-05 


n= 21000 
Distance matrix=
 [[ 0.     1.987  3.335  2.791  1.829  1.664  3.348]
 [ 1.987  0.     2.686  1.808  1.709  1.869  1.715]
 [ 3.335  2.686  0.     2.048  4.09   1.697  1.832]
 [ 2.791  1.808  2.048  0.     3.389  1.924  1.996]
 [ 1.829  1.709  4.09   3.389  0.     2.811  3.21 ]
 [ 1.664  1.869  1.697  1.924  2.811  0.     2.302]
 [ 3.348  1.715  1.832  1.996  3.21   2.302  0.   ]]
Potential: 4.48519314321
Gradient norm: 0.435550584078
Distance norm 8.1088597644e-05 


n= 22000 
Distance matrix=
 [[ 0.     1.986  3.334  2.761  1.831  1.664  3.336]
 [ 1.986  0.     2.687  1.796  1.702  1.877  1.711]
 [ 3.334  2.687  0.     2.043  4.074  1.698  1.83 ]
 [ 2.761  1.796  2.043  0.     3.371  1.925  2.009]
 [ 1.831  1.702  4.074  3.371  0.     2.796  3.182]
 [ 1.664  1.877  1.698  1.925  2.796  0.     2.293]
 [ 3.336  1.711  1.83   2.009  3.182  2.293  0.   ]]
Potential: 4.44590465373
Gradient norm: 0.451673321857
Distance norm 7.96929467969e-05 


n= 23000 
Distance matrix=
 [[ 0.     1.984  3.332  2.731  1.833  1.665  3.324]
 [ 1.984  0.     2.69   1.786  1.696  1.886  1.707]
 [ 3.332  2.69   0.     2.038  4.059  1.699  1.828]
 [ 2.731  1.786  2.038  0.     3.355  1.928  2.022]
 [ 1.833  1.696  4.059  3.355  0.     2.779  3.154]
 [ 1.665  1.886  1.699  1.928  2.779  0.     2.283]
 [ 3.324  1.707  1.828  2.022  3.154  2.283  0.   ]]
Potential: 4.4032589365
Gradient norm: 0.472483385177
Distance norm 7.98852752126e-05 


n= 24000 
Distance matrix=
 [[ 0.     1.982  3.33   2.701  1.835  1.666  3.311]
 [ 1.982  0.     2.693  1.776  1.692  1.894  1.704]
 [ 3.33   2.693  0.     2.032  4.043  1.702  1.826]
 [ 2.701  1.776  2.032  0.     3.34   1.931  2.036]
 [ 1.835  1.692  4.043  3.34   0.     2.761  3.126]
 [ 1.666  1.894  1.702  1.931  2.761  0.     2.272]
 [ 3.311  1.704  1.826  2.036  3.126  2.272  0.   ]]
Potential: 4.35628771429
Gradient norm: 0.497221727442
Distance norm 8.15917448126e-05 


n= 25000 
Distance matrix=
 [[ 0.     1.98   3.328  2.67   1.838  1.668  3.299]
 [ 1.98   0.     2.697  1.767  1.688  1.904  1.702]
 [ 3.328  2.697  0.     2.025  4.027  1.704  1.826]
 [ 2.67   1.767  2.025  0.     3.327  1.936  2.049]
 [ 1.838  1.688  4.027  3.327  0.     2.74   3.097]
 [ 1.668  1.904  1.704  1.936  2.74   0.     2.259]
 [ 3.299  1.702  1.826  2.049  3.097  2.259  0.   ]]
Potential: 4.30405866142
Gradient norm: 0.525141201232
Distance norm 8.47318414399e-05 


n= 26000 
Distance matrix=
 [[ 0.     1.977  3.325  2.638  1.842  1.671  3.285]
 [ 1.977  0.     2.701  1.758  1.685  1.914  1.701]
 [ 3.325  2.701  0.     2.017  4.011  1.708  1.825]
 [ 2.638  1.758  2.017  0.     3.314  1.942  2.062]
 [ 1.842  1.685  4.011  3.314  0.     2.717  3.068]
 [ 1.671  1.914  1.708  1.942  2.717  0.     2.245]
 [ 3.285  1.701  1.825  2.062  3.068  2.245  0.   ]]
Potential: 4.24568957499
Gradient norm: 0.555481703959
Distance norm 8.92126029182e-05 


n= 27000 
Distance matrix=
 [[ 0.     1.975  3.321  2.605  1.846  1.674  3.271]
 [ 1.975  0.     2.707  1.751  1.684  1.924  1.701]
 [ 3.321  2.707  0.     2.008  3.993  1.712  1.825]
 [ 2.605  1.751  2.008  0.     3.302  1.949  2.075]
 [ 1.846  1.684  3.993  3.302  0.     2.69   3.037]
 [ 1.674  1.924  1.712  1.949  2.69   0.     2.228]
 [ 3.271  1.701  1.825  2.075  3.037  2.228  0.   ]]
Potential: 4.18037830267
Gradient norm: 0.587441956804
Distance norm 9.49220649542e-05 


n= 28000 
Distance matrix=
 [[ 0.     1.972  3.315  2.571  1.851  1.678  3.255]
 [ 1.972  0.     2.713  1.744  1.683  1.936  1.701]
 [ 3.315  2.713  0.     1.998  3.974  1.717  1.826]
 [ 2.571  1.744  1.998  0.     3.289  1.956  2.088]
 [ 1.851  1.683  3.974  3.289  0.     2.661  3.004]
 [ 1.678  1.936  1.717  1.956  2.661  0.     2.21 ]
 [ 3.255  1.701  1.826  2.088  3.004  2.21   0.   ]]
Potential: 4.10744836293
Gradient norm: 0.620153480967
Distance norm 0.000101720669028 


n= 29000 
Distance matrix=
 [[ 0.     1.969  3.308  2.536  1.856  1.682  3.239]
 [ 1.969  0.     2.72   1.738  1.684  1.949  1.702]
 [ 3.308  2.72   0.     1.988  3.953  1.722  1.827]
 [ 2.536  1.738  1.988  0.     3.276  1.964  2.1  ]
 [ 1.856  1.684  3.953  3.276  0.     2.627  2.97 ]
 [ 1.682  1.949  1.722  1.964  2.627  0.     2.19 ]
 [ 3.239  1.702  1.827  2.1    2.97   2.19   0.   ]]
Potential: 4.02640917136
Gradient norm: 0.652660305771
Distance norm 0.0001094304629 


n= 30000 
Distance matrix=
 [[ 0.     1.966  3.299  2.499  1.861  1.687  3.221]
 [ 1.966  0.     2.727  1.733  1.685  1.962  1.704]
 [ 3.299  2.727  0.     1.976  3.93   1.729  1.829]
 [ 2.499  1.733  1.976  0.     3.263  1.973  2.113]
 [ 1.861  1.685  3.93   3.263  0.     2.59   2.933]
 [ 1.687  1.962  1.729  1.973  2.59   0.     2.169]
 [ 3.221  1.704  1.829  2.113  2.933  2.169  0.   ]]
Potential: 3.93702825248
Gradient norm: 0.683906376708
Distance norm 0.000117823203249 


n= 31000 
Distance matrix=
 [[ 0.     1.964  3.287  2.46   1.867  1.692  3.202]
 [ 1.964  0.     2.735  1.728  1.687  1.978  1.707]
 [ 3.287  2.735  0.     1.964  3.904  1.736  1.831]
 [ 2.46   1.728  1.964  0.     3.248  1.982  2.125]
 [ 1.867  1.687  3.904  3.248  0.     2.549  2.893]
 [ 1.692  1.978  1.736  1.982  2.549  0.     2.145]
 [ 3.202  1.707  1.831  2.125  2.893  2.145  0.   ]]
Potential: 3.83941080137
Gradient norm: 0.712731881224
Distance norm 0.000126609452933 


n= 32000 
Distance matrix=
 [[ 0.     1.961  3.274  2.42   1.873  1.698  3.182]
 [ 1.961  0.     2.743  1.725  1.69   1.994  1.71 ]
 [ 3.274  2.743  0.     1.951  3.875  1.744  1.833]
 [ 2.42   1.725  1.951  0.     3.232  1.99   2.136]
 [ 1.873  1.69   3.875  3.232  0.     2.504  2.851]
 [ 1.698  1.994  1.744  1.99   2.504  0.     2.121]
 [ 3.182  1.71   1.833  2.136  2.851  2.121  0.   ]]
Potential: 3.73407944767
Gradient norm: 0.737880203768
Distance norm 0.000135431404966 


n= 33000 
Distance matrix=
 [[ 0.     1.959  3.258  2.379  1.879  1.705  3.16 ]
 [ 1.959  0.     2.751  1.723  1.694  2.012  1.715]
 [ 3.258  2.751  0.     1.938  3.843  1.752  1.836]
 [ 2.379  1.723  1.938  0.     3.214  2.     2.148]
 [ 1.879  1.694  3.843  3.214  0.     2.455  2.807]
 [ 1.705  2.012  1.752  2.     2.455  0.     2.095]
 [ 3.16   1.715  1.836  2.148  2.807  2.095  0.   ]]
Potential: 3.6220439211
Gradient norm: 0.758019363704
Distance norm 0.000143862656022 


n= 34000 
Distance matrix=
 [[ 0.     1.957  3.24   2.337  1.886  1.711  3.138]
 [ 1.957  0.     2.76   1.722  1.7    2.032  1.72 ]
 [ 3.24   2.76   0.     1.925  3.808  1.761  1.839]
 [ 2.337  1.722  1.925  0.     3.194  2.009  2.158]
 [ 1.886  1.7    3.808  3.194  0.     2.403  2.759]
 [ 1.711  2.032  1.761  2.009  2.403  0.     2.069]
 [ 3.138  1.72   1.839  2.158  2.759  2.069  0.   ]]
Potential: 3.50484635793
Gradient norm: 0.771785489905
Distance norm 0.000151418638904 


n= 35000 
Distance matrix=
 [[ 0.     1.956  3.22   2.294  1.892  1.718  3.115]
 [ 1.956  0.     2.768  1.722  1.706  2.053  1.725]
 [ 3.22   2.768  0.     1.911  3.77   1.77   1.842]
 [ 2.294  1.722  1.911  0.     3.172  2.017  2.168]
 [ 1.892  1.706  3.77   3.172  0.     2.349  2.709]
 [ 1.718  2.053  1.77   2.017  2.349  0.     2.043]
 [ 3.115  1.725  1.842  2.168  2.709  2.043  0.   ]]
Potential: 3.38456351269
Gradient norm: 0.777859805154
Distance norm 0.000157581709652 


n= 36000 
Distance matrix=
 [[ 0.     1.955  3.198  2.25   1.898  1.725  3.091]
 [ 1.955  0.     2.776  1.723  1.713  2.075  1.731]
 [ 3.198  2.776  0.     1.898  3.73   1.778  1.845]
 [ 2.25   1.723  1.898  0.     3.148  2.026  2.177]
 [ 1.898  1.713  3.73   3.148  0.     2.293  2.658]
 [ 1.725  2.075  1.778  2.026  2.293  0.     2.018]
 [ 3.091  1.731  1.845  2.177  2.658  2.018  0.   ]]
Potential: 3.26374381427
Gradient norm: 0.775091414853
Distance norm 0.000161844187233 


n= 37000 
Distance matrix=
 [[ 0.     1.954  3.174  2.207  1.905  1.732  3.067]
 [ 1.954  0.     2.784  1.725  1.721  2.098  1.738]
 [ 3.174  2.784  0.     1.884  3.687  1.786  1.849]
 [ 2.207  1.725  1.884  0.     3.123  2.035  2.186]
 [ 1.905  1.721  3.687  3.123  0.     2.236  2.604]
 [ 1.732  2.098  1.786  2.035  2.236  0.     1.994]
 [ 3.067  1.738  1.849  2.186  2.604  1.994  0.   ]]
Potential: 3.14525896715
Gradient norm: 0.762670635308
Distance norm 0.000163769608724 


n= 38000 
Distance matrix=
 [[ 0.     1.953  3.149  2.164  1.911  1.739  3.043]
 [ 1.953  0.     2.791  1.728  1.729  2.123  1.744]
 [ 3.149  2.791  0.     1.872  3.643  1.793  1.852]
 [ 2.164  1.728  1.872  0.     3.096  2.043  2.193]
 [ 1.911  1.729  3.643  3.096  0.     2.18   2.55 ]
 [ 1.739  2.123  1.793  2.043  2.18   0.     1.972]
 [ 3.043  1.744  1.852  2.193  2.55   1.972  0.   ]]
Potential: 3.03206244128
Gradient norm: 0.740336688794
Distance norm 0.000163065889704 


n= 39000 
Distance matrix=
 [[ 0.     1.953  3.124  2.123  1.916  1.746  3.019]
 [ 1.953  0.     2.797  1.731  1.738  2.149  1.751]
 [ 3.124  2.797  0.     1.859  3.597  1.799  1.855]
 [ 2.123  1.731  1.859  0.     3.07   2.051  2.2  ]
 [ 1.916  1.738  3.597  3.07   0.     2.127  2.497]
 [ 1.746  2.149  1.799  2.051  2.127  0.     1.952]
 [ 3.019  1.751  1.855  2.2    2.497  1.952  0.   ]]
Potential: 2.92687472074
Gradient norm: 0.708570637342
Distance norm 0.00015965462459 


n= 40000 
Distance matrix=
 [[ 0.     1.953  3.099  2.084  1.922  1.753  2.996]
 [ 1.953  0.     2.803  1.735  1.748  2.176  1.757]
 [ 3.099  2.803  0.     1.848  3.552  1.804  1.857]
 [ 2.084  1.735  1.848  0.     3.043  2.058  2.205]
 [ 1.922  1.748  3.552  3.043  0.     2.076  2.444]
 [ 1.753  2.176  1.804  2.058  2.076  0.     1.935]
 [ 2.996  1.757  1.857  2.205  2.444  1.935  0.   ]]
Potential: 2.83185277211
Gradient norm: 0.668694269384
Distance norm 0.000153712777922 


n= 41000 
Distance matrix=
 [[ 0.     1.953  3.074  2.047  1.927  1.76   2.974]
 [ 1.953  0.     2.809  1.739  1.757  2.203  1.763]
 [ 3.074  2.809  0.     1.837  3.508  1.807  1.86 ]
 [ 2.047  1.739  1.837  0.     3.017  2.066  2.21 ]
 [ 1.927  1.757  3.508  3.017  0.     2.031  2.392]
 [ 1.76   2.203  1.807  2.066  2.031  0.     1.92 ]
 [ 2.974  1.763  1.86   2.21   2.392  1.92   0.   ]]
Potential: 2.74833020397
Gradient norm: 0.622795778928
Distance norm 0.000145663938887 


n= 42000 
Distance matrix=
 [[ 0.     1.953  3.05   2.013  1.931  1.766  2.953]
 [ 1.953  0.     2.813  1.744  1.766  2.231  1.769]
 [ 3.05   2.813  0.     1.827  3.465  1.809  1.861]
 [ 2.013  1.744  1.827  0.     2.992  2.073  2.214]
 [ 1.931  1.766  3.465  2.992  0.     1.99   2.344]
 [ 1.766  2.231  1.809  2.073  1.99   0.     1.909]
 [ 2.953  1.769  1.861  2.214  2.344  1.909  0.   ]]
Potential: 2.6767098193
Gradient norm: 0.573454447291
Distance norm 0.000136111230673 


n= 43000 
Distance matrix=
 [[ 0.     1.954  3.027  1.983  1.935  1.773  2.933]
 [ 1.954  0.     2.817  1.748  1.775  2.259  1.774]
 [ 3.027  2.817  0.     1.817  3.425  1.81   1.863]
 [ 1.983  1.748  1.817  0.     2.969  2.08   2.217]
 [ 1.935  1.775  3.425  2.969  0.     1.955  2.297]
 [ 1.773  2.259  1.81   2.08   1.955  0.     1.9  ]
 [ 2.933  1.774  1.863  2.217  2.297  1.9    0.   ]]
Potential: 2.61654166908
Gradient norm: 0.523325066768
Distance norm 0.000125728298291 


n= 44000 
Distance matrix=
 [[ 0.     1.954  3.006  1.956  1.939  1.779  2.915]
 [ 1.954  0.     2.82   1.753  1.784  2.286  1.779]
 [ 3.006  2.82   0.     1.809  3.387  1.809  1.863]
 [ 1.956  1.753  1.809  0.     2.948  2.087  2.219]
 [ 1.939  1.784  3.387  2.948  0.     1.925  2.254]
 [ 1.779  2.286  1.809  2.087  1.925  0.     1.894]
 [ 2.915  1.779  1.863  2.219  2.254  1.894  0.   ]]
Potential: 2.56674954392
Gradient norm: 0.474715210607
Distance norm 0.000115143974809 


n= 45000 
Distance matrix=
 [[ 0.     1.954  2.987  1.932  1.941  1.785  2.897]
 [ 1.954  0.     2.823  1.757  1.792  2.313  1.783]
 [ 2.987  2.823  0.     1.801  3.352  1.808  1.863]
 [ 1.932  1.757  1.801  0.     2.928  2.094  2.22 ]
 [ 1.941  1.792  3.352  2.928  0.     1.901  2.214]
 [ 1.785  2.313  1.808  2.094  1.901  0.     1.891]
 [ 2.897  1.783  1.863  2.22   2.214  1.891  0.   ]]
Potential: 2.52591925999
Gradient norm: 0.429292257411
Distance norm 0.000104856898242 


n= 46000 
Distance matrix=
 [[ 0.     1.955  2.969  1.911  1.943  1.79   2.88 ]
 [ 1.955  0.     2.825  1.76   1.799  2.34   1.787]
 [ 2.969  2.825  0.     1.794  3.32   1.806  1.863]
 [ 1.911  1.76   1.794  0.     2.911  2.1    2.221]
 [ 1.943  1.799  3.32   2.911  0.     1.882  2.177]
 [ 1.79   2.34   1.806  2.1    1.882  0.     1.89 ]
 [ 2.88   1.787  1.863  2.221  2.177  1.89   0.   ]]
Potential: 2.49255983049
Gradient norm: 0.387989787927
Distance norm 9.51988426482e-05 


n= 47000 
Distance matrix=
 [[ 0.     1.955  2.953  1.894  1.945  1.794  2.865]
 [ 1.955  0.     2.827  1.764  1.806  2.366  1.791]
 [ 2.953  2.827  0.     1.788  3.291  1.804  1.862]
 [ 1.894  1.764  1.788  0.     2.895  2.107  2.221]
 [ 1.945  1.806  3.291  2.895  0.     1.866  2.144]
 [ 1.794  2.366  1.804  2.107  1.866  0.     1.891]
 [ 2.865  1.791  1.862  2.221  2.144  1.891  0.   ]]
Potential: 2.46528459986
Gradient norm: 0.351093385897
Distance norm 8.63430393683e-05 


n= 48000 
Distance matrix=
 [[ 0.     1.955  2.938  1.879  1.945  1.798  2.851]
 [ 1.955  0.     2.828  1.767  1.812  2.39   1.794]
 [ 2.938  2.828  0.     1.782  3.264  1.802  1.861]
 [ 1.879  1.767  1.782  0.     2.881  2.114  2.221]
 [ 1.945  1.812  3.264  2.881  0.     1.855  2.113]
 [ 1.798  2.39   1.802  2.114  1.855  0.     1.893]
 [ 2.851  1.794  1.861  2.221  2.113  1.893  0.   ]]
Potential: 2.44290352219
Gradient norm: 0.318428064823
Distance norm 7.8339720021e-05 


n= 49000 
Distance matrix=
 [[ 0.     1.955  2.925  1.867  1.945  1.802  2.837]
 [ 1.955  0.     2.829  1.77   1.817  2.414  1.797]
 [ 2.925  2.829  0.     1.778  3.24   1.8    1.859]
 [ 1.867  1.77   1.778  0.     2.869  2.12   2.22 ]
 [ 1.945  1.817  3.24   2.869  0.     1.846  2.085]
 [ 1.802  2.414  1.8    2.12   1.846  0.     1.896]
 [ 2.837  1.797  1.859  2.22   2.085  1.896  0.   ]]
Potential: 2.42444648616
Gradient norm: 0.289562782861
Distance norm 7.11594348871e-05 


n= 50000 
Distance matrix=
 [[ 0.     1.955  2.914  1.856  1.944  1.805  2.825]
 [ 1.955  0.     2.831  1.772  1.822  2.436  1.8  ]
 [ 2.914  2.831  0.     1.773  3.218  1.798  1.856]
 [ 1.856  1.772  1.773  0.     2.858  2.127  2.219]
 [ 1.944  1.822  3.218  2.858  0.     1.84   2.06 ]
 [ 1.805  2.436  1.798  2.127  1.84   0.     1.9  ]
 [ 2.825  1.8    1.856  2.219  2.06   1.9    0.   ]]
Potential: 2.40914599033
Gradient norm: 0.263975793556
Distance norm 6.47309096708e-05 


n= 51000 
Distance matrix=
 [[ 0.     1.955  2.904  1.848  1.943  1.808  2.813]
 [ 1.955  0.     2.831  1.775  1.827  2.457  1.803]
 [ 2.904  2.831  0.     1.77   3.198  1.797  1.854]
 [ 1.848  1.775  1.77   0.     2.848  2.133  2.218]
 [ 1.943  1.827  3.198  2.848  0.     1.835  2.038]
 [ 1.808  2.457  1.797  2.133  1.835  0.     1.905]
 [ 2.813  1.803  1.854  2.218  2.038  1.905  0.   ]]
Potential: 2.39640279002
Gradient norm: 0.241160711049
Distance norm 5.89679638827e-05 


n= 52000 
Distance matrix=
 [[ 0.     1.955  2.895  1.841  1.941  1.81   2.803]
 [ 1.955  0.     2.832  1.777  1.831  2.477  1.805]
 [ 2.895  2.832  0.     1.767  3.18   1.796  1.851]
 [ 1.841  1.777  1.767  0.     2.839  2.139  2.216]
 [ 1.941  1.831  3.18   2.839  0.     1.832  2.017]
 [ 1.81   2.477  1.796  2.139  1.832  0.     1.91 ]
 [ 2.803  1.805  1.851  2.216  2.017  1.91   0.   ]]
Potential: 2.38574927429
Gradient norm: 0.220678885698
Distance norm 5.37855486092e-05 


n= 53000 
Distance matrix=
 [[ 0.     1.955  2.887  1.835  1.94   1.812  2.793]
 [ 1.955  0.     2.833  1.778  1.835  2.496  1.807]
 [ 2.887  2.833  0.     1.764  3.163  1.795  1.848]
 [ 1.835  1.778  1.764  0.     2.831  2.145  2.215]
 [ 1.94   1.835  3.163  2.831  0.     1.83   1.999]
 [ 1.812  2.496  1.795  2.145  1.83   0.     1.915]
 [ 2.793  1.807  1.848  2.215  1.999  1.915  0.   ]]
Potential: 2.37681760906
Gradient norm: 0.202174563094
Distance norm 4.91075148814e-05 


n= 54000 
Distance matrix=
 [[ 0.     1.955  2.88   1.83   1.937  1.813  2.783]
 [ 1.955  0.     2.834  1.78   1.838  2.513  1.809]
 [ 2.88   2.834  0.     1.762  3.148  1.794  1.845]
 [ 1.83   1.78   1.762  0.     2.824  2.15   2.213]
 [ 1.937  1.838  3.148  2.824  0.     1.829  1.983]
 [ 1.813  2.513  1.794  2.15   1.829  0.     1.921]
 [ 2.783  1.809  1.845  2.213  1.983  1.921  0.   ]]
Potential: 2.36931474239
Gradient norm: 0.185369482916
Distance norm 4.48691416056e-05 


n= 55000 
Distance matrix=
 [[ 0.     1.955  2.873  1.826  1.935  1.815  2.775]
 [ 1.955  0.     2.835  1.781  1.842  2.529  1.811]
 [ 2.873  2.835  0.     1.76   3.135  1.793  1.842]
 [ 1.826  1.781  1.76   0.     2.818  2.155  2.211]
 [ 1.935  1.842  3.135  2.818  0.     1.828  1.969]
 [ 1.815  2.529  1.793  2.155  1.828  0.     1.926]
 [ 2.775  1.811  1.842  2.211  1.969  1.926  0.   ]]
Potential: 2.36300388832
Gradient norm: 0.170049048047
Distance norm 4.10168525376e-05 


n= 56000 
Distance matrix=
 [[ 0.     1.954  2.868  1.822  1.933  1.816  2.767]
 [ 1.954  0.     2.835  1.783  1.845  2.544  1.813]
 [ 2.868  2.835  0.     1.758  3.122  1.793  1.838]
 [ 1.822  1.783  1.758  0.     2.813  2.16   2.209]
 [ 1.933  1.845  3.122  2.813  0.     1.828  1.956]
 [ 1.816  2.544  1.793  2.16   1.828  0.     1.931]
 [ 2.767  1.813  1.838  2.209  1.956  1.931  0.   ]]
Potential: 2.35769120323
Gradient norm: 0.156047131141
Distance norm 3.750671763e-05 


n= 57000 
Distance matrix=
 [[ 0.     1.954  2.863  1.819  1.93   1.817  2.76 ]
 [ 1.954  0.     2.836  1.784  1.848  2.557  1.815]
 [ 2.863  2.836  0.     1.757  3.111  1.792  1.835]
 [ 1.819  1.784  1.757  0.     2.807  2.164  2.207]
 [ 1.93   1.848  3.111  2.807  0.     1.829  1.944]
 [ 1.817  2.557  1.792  2.164  1.829  0.     1.937]
 [ 2.76   1.815  1.835  2.207  1.944  1.937  0.   ]]
Potential: 2.35321627823
Gradient norm: 0.143232789582
Distance norm 3.43026361719e-05 


n= 58000 
Distance matrix=
 [[ 0.     1.954  2.858  1.817  1.928  1.817  2.753]
 [ 1.954  0.     2.837  1.785  1.851  2.57   1.816]
 [ 2.858  2.837  0.     1.756  3.101  1.792  1.832]
 [ 1.817  1.785  1.756  0.     2.803  2.168  2.205]
 [ 1.928  1.851  3.101  2.803  0.     1.829  1.934]
 [ 1.817  2.57   1.792  2.168  1.829  0.     1.942]
 [ 2.753  1.816  1.832  2.205  1.934  1.942  0.   ]]
Potential: 2.34944530013
Gradient norm: 0.131499892993
Distance norm 3.13746323009e-05 


n= 59000 
Distance matrix=
 [[ 0.     1.954  2.854  1.815  1.926  1.818  2.747]
 [ 1.954  0.     2.837  1.786  1.853  2.582  1.818]
 [ 2.854  2.837  0.     1.755  3.091  1.792  1.829]
 [ 1.815  1.786  1.755  0.     2.799  2.172  2.203]
 [ 1.926  1.853  3.091  2.799  0.     1.83   1.925]
 [ 1.818  2.582  1.792  2.172  1.83   0.     1.947]
 [ 2.747  1.818  1.829  2.203  1.925  1.947  0.   ]]
Potential: 2.34626603225
Gradient norm: 0.120759561085
Distance norm 2.86974257905e-05 


n= 60000 
Distance matrix=
 [[ 0.     1.953  2.851  1.813  1.923  1.819  2.742]
 [ 1.953  0.     2.838  1.787  1.856  2.592  1.819]
 [ 2.851  2.838  0.     1.754  3.083  1.791  1.827]
 [ 1.813  1.787  1.754  0.     2.795  2.176  2.201]
 [ 1.923  1.856  3.083  2.795  0.     1.83   1.916]
 [ 1.819  2.592  1.791  2.176  1.83   0.     1.952]
 [ 2.742  1.819  1.827  2.201  1.916  1.952  0.   ]]
Potential: 2.34358402749
Gradient norm: 0.110934899916
Distance norm 2.62493065702e-05 


n= 61000 
Distance matrix=
 [[ 0.     1.953  2.848  1.811  1.921  1.819  2.737]
 [ 1.953  0.     2.839  1.788  1.858  2.602  1.82 ]
 [ 2.848  2.839  0.     1.753  3.075  1.791  1.824]
 [ 1.811  1.788  1.753  0.     2.792  2.179  2.199]
 [ 1.921  1.858  3.075  2.792  0.     1.831  1.909]
 [ 1.819  2.602  1.791  2.179  1.831  0.     1.957]
 [ 2.737  1.82   1.824  2.199  1.909  1.957  0.   ]]
Potential: 2.34131968342
Gradient norm: 0.101957462644
Distance norm 2.40112836676e-05 


n= 62000 
Distance matrix=
 [[ 0.     1.953  2.845  1.81   1.919  1.819  2.732]
 [ 1.953  0.     2.839  1.789  1.86   2.611  1.821]
 [ 2.845  2.839  0.     1.753  3.068  1.791  1.821]
 [ 1.81   1.789  1.753  0.     2.789  2.181  2.198]
 [ 1.919  1.86   3.068  2.789  0.     1.832  1.903]
 [ 1.819  2.611  1.791  2.181  1.832  0.     1.961]
 [ 2.732  1.821  1.821  2.198  1.903  1.961  0.   ]]
Potential: 2.339405886
Gradient norm: 0.0937649376519
Distance norm 2.19664604026e-05 


n= 63000 
Distance matrix=
 [[ 0.     1.953  2.842  1.809  1.917  1.82   2.728]
 [ 1.953  0.     2.84   1.79   1.862  2.619  1.822]
 [ 2.842  2.84   0.     1.753  3.061  1.791  1.819]
 [ 1.809  1.79   1.753  0.     2.786  2.184  2.196]
 [ 1.917  1.862  3.061  2.786  0.     1.833  1.897]
 [ 1.82   2.619  1.791  2.184  1.833  0.     1.965]
 [ 2.728  1.822  1.819  2.196  1.897  1.965  0.   ]]
Potential: 2.3377860784
Gradient norm: 0.0862996782875
Distance norm 2.00995862141e-05 


n= 64000 
Distance matrix=
 [[ 0.     1.952  2.84   1.808  1.915  1.82   2.724]
 [ 1.952  0.     2.841  1.79   1.864  2.627  1.823]
 [ 2.84   2.841  0.     1.752  3.055  1.791  1.817]
 [ 1.808  1.79   1.752  0.     2.783  2.186  2.194]
 [ 1.915  1.864  3.055  2.783  0.     1.833  1.892]
 [ 1.82   2.627  1.791  2.186  1.833  0.     1.969]
 [ 2.724  1.823  1.817  2.194  1.892  1.969  0.   ]]
Potential: 2.3364126496
Gradient norm: 0.0795077917097
Distance norm 1.83967411626e-05 


n= 65000 
Distance matrix=
 [[ 0.     1.952  2.838  1.807  1.913  1.82   2.72 ]
 [ 1.952  0.     2.842  1.791  1.866  2.634  1.823]
 [ 2.838  2.842  0.     1.752  3.05   1.791  1.815]
 [ 1.807  1.791  1.752  0.     2.781  2.188  2.193]
 [ 1.913  1.866  3.05   2.781  0.     1.834  1.887]
 [ 1.82   2.634  1.791  2.188  1.834  0.     1.973]
 [ 2.72   1.823  1.815  2.193  1.887  1.973  0.   ]]
Potential: 2.3352455729
Gradient norm: 0.0733385871526
Distance norm 1.68451167167e-05 


n= 66000 
Distance matrix=
 [[ 0.     1.952  2.836  1.806  1.912  1.821  2.717]
 [ 1.952  0.     2.843  1.792  1.867  2.64   1.824]
 [ 2.836  2.843  0.     1.752  3.044  1.79   1.813]
 [ 1.806  1.792  1.752  0.     2.779  2.19   2.191]
 [ 1.912  1.867  3.044  2.779  0.     1.835  1.883]
 [ 1.821  2.64   1.79   2.19   1.835  0.     1.977]
 [ 2.717  1.824  1.813  2.191  1.883  1.977  0.   ]]
Potential: 2.33425124723
Gradient norm: 0.0677442461064
Distance norm 1.54328640806e-05 


n= 67000 
Distance matrix=
 [[ 0.     1.951  2.835  1.806  1.91   1.821  2.714]
 [ 1.951  0.     2.844  1.793  1.869  2.646  1.824]
 [ 2.835  2.844  0.     1.752  3.04   1.79   1.811]
 [ 1.806  1.793  1.752  0.     2.777  2.191  2.19 ]
 [ 1.91   1.869  3.04   2.777  0.     1.835  1.879]
 [ 1.821  2.646  1.79   2.191  1.835  0.     1.98 ]
 [ 2.714  1.824  1.811  2.19   1.879  1.98   0.   ]]
Potential: 2.33340150732
Gradient norm: 0.0626796223287
Distance norm 1.41489881979e-05 


n= 68000 
Distance matrix=
 [[ 0.     1.951  2.834  1.805  1.909  1.821  2.712]
 [ 1.951  0.     2.844  1.793  1.87   2.651  1.825]
 [ 2.834  2.844  0.     1.752  3.036  1.79   1.81 ]
 [ 1.805  1.793  1.752  0.     2.775  2.193  2.188]
 [ 1.909  1.87   3.036  2.775  0.     1.836  1.876]
 [ 1.821  2.651  1.79   2.193  1.836  0.     1.983]
 [ 2.712  1.825  1.81   2.188  1.876  1.983  0.   ]]
Potential: 2.33267277757
Gradient norm: 0.0581021120722
Distance norm 1.29832712943e-05 


n= 69000 
Distance matrix=
 [[ 0.     1.951  2.833  1.805  1.908  1.821  2.709]
 [ 1.951  0.     2.845  1.794  1.872  2.656  1.825]
 [ 2.833  2.845  0.     1.752  3.032  1.79   1.808]
 [ 1.805  1.794  1.752  0.     2.774  2.194  2.187]
 [ 1.908  1.872  3.032  2.774  0.     1.836  1.873]
 [ 1.821  2.656  1.79   2.194  1.836  0.     1.986]
 [ 2.709  1.825  1.808  2.187  1.873  1.986  0.   ]]
Potential: 2.33204534932
Gradient norm: 0.0539715580521
Distance norm 1.19262145523e-05 


n= 70000 
Distance matrix=
 [[ 0.     1.95   2.832  1.804  1.906  1.821  2.707]
 [ 1.95   0.     2.846  1.795  1.873  2.66   1.826]
 [ 2.832  2.846  0.     1.752  3.028  1.79   1.807]
 [ 1.804  1.795  1.752  0.     2.772  2.195  2.185]
 [ 1.906  1.873  3.028  2.772  0.     1.837  1.87 ]
 [ 1.821  2.66   1.79   2.195  1.837  0.     1.989]
 [ 2.707  1.826  1.807  2.185  1.87   1.989  0.   ]]
Potential: 2.33150276492
Gradient norm: 0.050250166568
Distance norm 1.09689901684e-05 


n= 71000 
Distance matrix=
 [[ 0.     1.95   2.831  1.804  1.905  1.821  2.705]
 [ 1.95   0.     2.847  1.795  1.874  2.664  1.826]
 [ 2.831  2.847  0.     1.752  3.025  1.79   1.806]
 [ 1.804  1.795  1.752  0.     2.771  2.196  2.184]
 [ 1.905  1.874  3.025  2.771  0.     1.837  1.868]
 [ 1.821  2.664  1.79   2.196  1.837  0.     1.992]
 [ 2.705  1.826  1.806  2.184  1.868  1.992  0.   ]]
Potential: 2.33103129418
Gradient norm: 0.0469024277444
Distance norm 1.01033987657e-05 


n= 72000 
Distance matrix=
 [[ 0.     1.949  2.83   1.804  1.905  1.821  2.704]
 [ 1.949  0.     2.848  1.796  1.875  2.668  1.826]
 [ 2.83   2.848  0.     1.752  3.021  1.789  1.805]
 [ 1.804  1.796  1.752  0.     2.77   2.196  2.182]
 [ 1.905  1.875  3.021  2.77   0.     1.837  1.865]
 [ 1.821  2.668  1.789  2.196  1.837  0.     1.995]
 [ 2.704  1.826  1.805  2.182  1.865  1.995  0.   ]]
Potential: 2.33061949073
Gradient norm: 0.0438950357436
Distance norm 9.32182923538e-06 


n= 73000 
Distance matrix=
 [[ 0.     1.949  2.83   1.803  1.904  1.821  2.702]
 [ 1.949  0.     2.849  1.796  1.876  2.671  1.827]
 [ 2.83   2.849  0.     1.752  3.019  1.789  1.804]
 [ 1.803  1.796  1.752  0.     2.768  2.197  2.181]
 [ 1.904  1.876  3.019  2.768  0.     1.838  1.863]
 [ 1.821  2.671  1.789  2.197  1.838  0.     1.997]
 [ 2.702  1.827  1.804  2.181  1.863  1.997  0.   ]]
Potential: 2.33025781724
Gradient norm: 0.041196809203
Distance norm 8.61721942217e-06 


n= 74000 
Distance matrix=
 [[ 0.     1.948  2.829  1.803  1.903  1.821  2.701]
 [ 1.948  0.     2.85   1.797  1.877  2.674  1.827]
 [ 2.829  2.85   0.     1.752  3.016  1.789  1.803]
 [ 1.803  1.797  1.752  0.     2.767  2.197  2.18 ]
 [ 1.903  1.877  3.016  2.767  0.     1.838  1.862]
 [ 1.821  2.674  1.789  2.197  1.838  0.     2.   ]
 [ 2.701  1.827  1.803  2.18   1.862  2.     0.   ]]
Potential: 2.32993832972
Gradient norm: 0.0387786141293
Distance norm 7.98301720391e-06 


n= 75000 
Distance matrix=
 [[ 0.     1.948  2.829  1.803  1.902  1.822  2.699]
 [ 1.948  0.     2.851  1.797  1.878  2.677  1.827]
 [ 2.829  2.851  0.     1.752  3.013  1.789  1.802]
 [ 1.803  1.797  1.752  0.     2.766  2.198  2.179]
 [ 1.902  1.878  3.013  2.766  0.     1.838  1.86 ]
 [ 1.822  2.677  1.789  2.198  1.838  0.     2.002]
 [ 2.699  1.827  1.802  2.179  1.86   2.002  0.   ]]
Potential: 2.32965441226
Gradient norm: 0.0366132910794
Distance norm 7.41314203244e-06 


n= 76000 
Distance matrix=
 [[ 0.     1.948  2.829  1.803  1.902  1.822  2.698]
 [ 1.948  0.     2.852  1.798  1.879  2.68   1.827]
 [ 2.829  2.852  0.     1.752  3.011  1.789  1.801]
 [ 1.803  1.798  1.752  0.     2.765  2.198  2.177]
 [ 1.902  1.879  3.011  2.765  0.     1.838  1.859]
 [ 1.822  2.68   1.789  2.198  1.838  0.     2.004]
 [ 2.698  1.827  1.801  2.177  1.859  2.004  0.   ]]
Potential: 2.32940055477
Gradient norm: 0.0346755881067
Distance norm 6.90194756828e-06 


n= 77000 
Distance matrix=
 [[ 0.     1.947  2.829  1.803  1.901  1.822  2.697]
 [ 1.947  0.     2.853  1.798  1.88   2.682  1.827]
 [ 2.829  2.853  0.     1.753  3.009  1.788  1.801]
 [ 1.803  1.798  1.753  0.     2.764  2.198  2.176]
 [ 1.901  1.88   3.009  2.764  0.     1.838  1.857]
 [ 1.822  2.682  1.788  2.198  1.838  0.     2.006]
 [ 2.697  1.827  1.801  2.176  1.857  2.006  0.   ]]
Potential: 2.32917216717
Gradient norm: 0.0329420992398
Distance norm 6.44418618293e-06 


n= 78000 
Distance matrix=
 [[ 0.     1.947  2.829  1.803  1.901  1.822  2.696]
 [ 1.947  0.     2.854  1.799  1.881  2.684  1.827]
 [ 2.829  2.854  0.     1.753  3.007  1.788  1.8  ]
 [ 1.803  1.799  1.753  0.     2.764  2.198  2.175]
 [ 1.901  1.881  3.007  2.764  0.     1.838  1.856]
 [ 1.822  2.684  1.788  2.198  1.838  0.     2.008]
 [ 2.696  1.827  1.8    2.175  1.856  2.008  0.   ]]
Potential: 2.32896542419
Gradient norm: 0.0313912072253
Distance norm 6.0349761972e-06 


n= 79000 
Distance matrix=
 [[ 0.     1.946  2.829  1.803  1.901  1.822  2.695]
 [ 1.946  0.     2.855  1.799  1.881  2.686  1.828]
 [ 2.829  2.855  0.     1.753  3.005  1.788  1.799]
 [ 1.803  1.799  1.753  0.     2.763  2.198  2.174]
 [ 1.901  1.881  3.005  2.763  0.     1.838  1.855]
 [ 1.822  2.686  1.788  2.198  1.838  0.     2.01 ]
 [ 2.695  1.828  1.799  2.174  1.855  2.01   0.   ]]
Potential: 2.32877713618
Gradient norm: 0.0300030282011
Distance norm 5.66977267497e-06 


n= 80000 
Distance matrix=
 [[ 0.     1.946  2.829  1.803  1.9    1.822  2.695]
 [ 1.946  0.     2.856  1.8    1.882  2.688  1.828]
 [ 2.829  2.856  0.     1.753  3.003  1.788  1.799]
 [ 1.803  1.8    1.753  0.     2.762  2.198  2.173]
 [ 1.9    1.882  3.003  2.762  0.     1.838  1.854]
 [ 1.822  2.688  1.788  2.198  1.838  0.     2.011]
 [ 2.695  1.828  1.799  2.173  1.854  2.011  0.   ]]
Potential: 2.32860464145
Gradient norm: 0.0287593554581
Distance norm 5.3443423629e-06 


n= 81000 
Distance matrix=
 [[ 0.     1.945  2.829  1.803  1.9    1.822  2.694]
 [ 1.945  0.     2.857  1.8    1.883  2.69   1.828]
 [ 2.829  2.857  0.     1.753  3.002  1.788  1.798]
 [ 1.803  1.8    1.753  0.     2.761  2.198  2.171]
 [ 1.9    1.883  3.002  2.761  0.     1.838  1.853]
 [ 1.822  2.69   1.788  2.198  1.838  0.     2.013]
 [ 2.694  1.828  1.798  2.171  1.853  2.013  0.   ]]
Potential: 2.32844571689
Gradient norm: 0.0276435995352
Distance norm 5.05474307894e-06 


n= 82000 
Distance matrix=
 [[ 0.     1.945  2.829  1.803  1.9    1.822  2.693]
 [ 1.945  0.     2.858  1.8    1.883  2.691  1.828]
 [ 2.829  2.858  0.     1.754  3.     1.788  1.798]
 [ 1.803  1.8    1.754  0.     2.761  2.198  2.17 ]
 [ 1.9    1.883  3.     2.761  0.     1.838  1.852]
 [ 1.822  2.691  1.788  2.198  1.838  0.     2.015]
 [ 2.693  1.828  1.798  2.17   1.852  2.015  0.   ]]
Potential: 2.32829850367
Gradient norm: 0.026640722467
Distance norm 4.79730747524e-06 

